truelink	gene	H3K4me1	eQTL_Zscore	coeff_abs	H3K27ac_promoter	H3K27ac_enhancer	H3K4me3	nearest	intronic_target	H3K27ac_H3K4me1	H3K27ac_H3K4me3	H3K27ac_promoterH3K27ac	H3K4me1_H3K4me3	H3K4me1_promoterH3K27ac	eQTL_eQTL_coeff_abs	H3K27ac_H3K4me1_H3K4me3	H3K27ac_promoterH3K27ac_H3K4me1
0	HUMAN|HGNC=29551|UniProtKB=Q3YBR2	-0.441420048116997	-0.921409929877825	-0.69799549166419	-0.0616444308671126	0	1	0	0	0	0	0	-0.441420048116997	0.0272110876395057	0.643139977029339	0	0
0	HUMAN|HGNC=6850|UniProtKB=Q16584	-0.441420048116997	0.556766338624824	-0.328122104380277	0.787507622796684	0	1	0	0	0	0	0	-0.441420048116997	-0.347621652747414	-0.182687342677679	0	0
0	HUMAN|HGNC=12761|UniProtKB=P30291	1.94782084536898	-0.203099833061641	-0.186487433458133	1.35701450878555	1	1	1	0	1.94782084536898	1	1.35701450878555	1.94782084536898	2.64322114768065	0.0378755666034407	1.94782084536898	2.64322114768065
0	HUMAN|HGNC=5123|UniProtKB=O43248	-0.441420048116997	-0.921409929877825	-0.69799549166419	-1.24747525514207	0	1	0	0	0	0	0	-0.441420048116997	0.550660587149577	0.643139977029339	0	0
0	HUMAN|HGNC=28412|UniProtKB=Q9BQ15	-0.441420048116997	-0.921409929877825	-0.69799549166419	0.829675741621715	0	1	0	0	0	0	0	-0.441420048116997	-0.366235505788162	0.643139977029339	0	0
0	HUMAN|HGNC=3437|UniProtKB=P28715	-0.441420048116997	-0.0771156694888007	-0.503117734524029	0.16270958852044	0	1	0	0	0	0	0	-0.441420048116997	-0.0718232743937895	0.0387982609295092	0	0
0	HUMAN|HGNC=29141|UniProtKB=O94967	-0.441420048116997	-0.921409929877825	-0.69799549166419	0.944416290708961	0	1	0	0	0	0	0	-0.441420048116997	-0.416884284487225	0.643139977029339	0	0
0	HUMAN|HGNC=20192|UniProtKB=Q9H0R1	-0.441420048116997	-0.921409929877825	-0.69799549166419	-0.178370984276648	0	1	0	0	0	0	0	-0.441420048116997	0.0787365284620742	0.643139977029339	0	0
0	HUMAN|HGNC=20210|UniProtKB=Q9NWQ4	-0.441420048116997	-0.921409929877825	-0.69799549166419	-0.148847749599218	0	1	0	0	0	0	0	-0.441420048116997	0.0657043807901934	0.643139977029339	0	0
0	HUMAN|HGNC=9987|UniProtKB=O14593	-0.441420048116997	-0.921409929877825	-0.69799549166419	0.255490075386948	0	1	0	0	0	0	0	-0.441420048116997	-0.112778441370722	0.643139977029339	0	0
0	HUMAN|HGNC=12458|UniProtKB=P62987	2.1094398617092	-0.921409929877825	-0.69799549166419	0.762053100310635	0	1	0	0	0	0	0	2.1094398617092	1.60750518653433	0.643139977029339	0	0
0	HUMAN|HGNC=29328|UniProtKB=Q6P280	-0.441420048116997	-0.0584694248520292	-0.541889641057693	-1.24747525514207	0	0	0	0	0	0	0	0	0.550660587149577	0.0316839756459159	0	0
0	HUMAN|HGNC=11533|UniProtKB=Q53T94	-0.441420048116997	0.818902040655852	2.77438367656575	0.382556148143157	0	1	0	0	0	0	0	-0.441420048116997	-0.168867953320805	2.27194845430198	0	0
0	HUMAN|HGNC=29113|UniProtKB=Q6IC98	1.17031979812602	0.522280682335738	0.607767629363972	3.02796404801308	0	1	0	0	0	0	0	1.17031979812602	3.54368627340351	0.317425292165789	0	0
0	HUMAN|HGNC=29448|UniProtKB=Q9BY31	-0.441420048116997	-0.921409929877825	-0.69799549166419	-1.24747525514207	0	0	0	0	0	0	0	0	0.550660587149577	0.643139977029339	0	0
0	HUMAN|HGNC=3569|UniProtKB=P33121	-0.441420048116997	0.625282484845145	1.51334115022981	-1.24747525514207	0	1	0	0	0	0	0	-0.441420048116997	0.550660587149577	0.946265714834105	0	0
0	HUMAN|HGNC=37260|UniProtKB=Q8N5G0	-0.441420048116997	1.60682914750358	2.20742539085377	0.369834259319399	0	1	0	0	0	0	0	-0.441420048116997	-0.163252256544083	3.54695545896332	0	0
0	HUMAN|HGNC=10974|UniProtKB=Q9UHI7	0.950094321528339	-0.921409929877825	-0.69799549166419	-1.24747525514207	0	0	0	0	0	0	0	0	-1.1852191561576	0.643139977029339	0	0
0	HUMAN|HGNC=21095|UniProtKB=Q5TGJ6	0.772236349664637	-0.921409929877825	-0.69799549166419	-1.24747525514207	0	0	0	0	0	0	0	0	-0.963345737327878	0.643139977029339	0	0
0	HUMAN|HGNC=11306|UniProtKB=P78362	-0.441420048116997	0.472886872490471	-0.213896813011523	-1.24747525514207	0	0	0	0	0	0	0	0	0.550660587149577	-0.101148994940698	0	0
0	HUMAN|HGNC=16009|UniProtKB=Q9Y574	-0.441420048116997	-0.921409929877825	-0.69799549166419	-0.356556223291834	0	0	0	0	0	0	0	0	0.157391065241896	0.643139977029339	0	0
0	HUMAN|HGNC=5177|UniProtKB=O95081	-0.441420048116997	-0.0161004068185922	-0.470468326526608	1.00039152704964	0	1	0	0	0	0	0	-0.441420048116997	-0.441592876006088	0.00757473145234067	0	0
0	HUMAN|HGNC=28268|UniProtKB=Q8N7N1	-0.441420048116997	-0.921409929877825	-0.69799549166419	-1.24747525514207	0	0	0	0	0	0	0	0	0.550660587149577	0.643139977029339	0	0
0	HUMAN|HGNC=14455|UniProtKB=P0C5Z0	-0.441420048116997	-0.921409929877825	-0.69799549166419	-1.24747525514207	0	0	0	0	0	0	0	0	0.550660587149577	0.643139977029339	0	0
0	HUMAN|HGNC=6492|UniProtKB=P11047	-0.441420048116997	1.56922796953522	0.890456004291135	0.966043859870633	0	1	0	0	0	0	0	-0.441420048116997	-0.426431127107224	1.39732846757423	0	0
0	HUMAN|HGNC=20271|UniProtKB=Q8NEJ9	-0.441420048116997	-0.921409929877825	-0.69799549166419	0.569792122816461	0	1	0	0	0	0	0	-0.441420048116997	-0.251517666270328	0.643139977029339	0	0
0	HUMAN|HGNC=16874|UniProtKB=Q7L1I2	-0.441420048116997	-0.921409929877825	-0.69799549166419	-1.24747525514207	0	0	0	0	0	0	0	0	0.550660587149577	0.643139977029339	0	0
0	HUMAN|HGNC=48329|UniProtKB=K7EJ46	4.71692224582006	0.725963458130688	0.603887176767915	-1.24747525514207	1	0	0	0	4.71692224582006	0	-1.24747525514207	0	-5.88424378208971	0.438400023167214	0	-5.88424378208971
0	HUMAN|HGNC=3374|UniProtKB=Q99814	-0.441420048116997	0.519796068743218	-0.178181116701886	-1.24747525514207	0	0	1	0	0	0	0	0	0.550660587149577	-0.092617843985917	0	0
0	HUMAN|HGNC=34426|UniProtKB=Q6ZRV3	2.26450323020965	-0.921409929877825	-0.69799549166419	-1.24747525514207	1	0	0	0	2.26450323020965	0	-1.24747525514207	0	-2.82491174487584	0.643139977029339	0	-2.82491174487584
0	HUMAN|HGNC=6622|UniProtKB=P07098	0.514117954433694	-0.921409929877825	-0.69799549166419	-1.24747525514207	0	0	0	0	0	0	0	0	-0.641349426380295	0.643139977029339	0	0
0	HUMAN|HGNC=20145|UniProtKB=P51810	-0.441420048116997	0.192933445020886	0.437123254880483	0.0164347291435619	0	1	0	0	0	0	0	-0.441420048116997	-0.00725461892934089	0.0843356954628345	0	0
0	HUMAN|HGNC=28390|UniProtKB=Q8TBF2	-0.441420048116997	-0.921409929877825	-0.69799549166419	0.428083819816354	0	0	0	0	0	0	0	0	-0.188964780341443	0.643139977029339	0	0
0	HUMAN|HGNC=27915|UniProtKB=Q8IYL3	-0.441420048116997	-0.267806458707261	-0.228784090262872	0.398261520466405	0	1	0	0	0	0	0	-0.441420048116997	-0.175800619527429	0.0612698570218622	0	0
0	HUMAN|HGNC=1242|UniProtKB=P02746	-0.441420048116997	0.352315459767647	-0.354965174438763	-1.24747525514207	0	0	0	0	0	0	0	0	0.550660587149577	-0.125059718633896	0	0
0	HUMAN|HGNC=6510|UniProtKB=P16949	-0.441420048116997	-0.921409929877825	-0.69799549166419	-1.24747525514207	0	1	0	0	0	0	0	-0.441420048116997	0.550660587149577	0.643139977029339	0	0
0	HUMAN|HGNC=3521|UniProtKB=Q99504	-0.441420048116997	-0.921409929877825	-0.69799549166419	-1.24747525514207	0	1	0	0	0	0	0	-0.441420048116997	0.550660587149577	0.643139977029339	0	0
0	HUMAN|HGNC=26948|UniProtKB=Q5T013	-0.441420048116997	-0.921409929877825	-0.69799549166419	1.60799244725289	0	1	0	0	0	0	0	-0.441420048116997	-0.709800103438139	0.643139977029339	0	0
0	HUMAN|HGNC=954|UniProtKB=Q9NY43	-0.441420048116997	-0.921409929877825	-0.69799549166419	-1.24747525514207	0	0	0	0	0	0	0	0	0.550660587149577	0.643139977029339	0	0
0	HUMAN|HGNC=15512|UniProtKB=Q8TAA9	-0.441420048116997	1.14295122337885	1.24830031165681	0.475885815645824	0	1	0	0	0	0	0	-0.441420048116997	-0.210065539640576	1.42674636835235	0	0
0	HUMAN|HGNC=24712|UniProtKB=Q5VWP2	-0.441420048116997	-0.921409929877825	-0.69799549166419	0.447044878215276	0	1	0	0	0	0	0	-0.441420048116997	-0.197334571652244	0.643139977029339	0	0
0	HUMAN|HGNC=225|UniProtKB=P55265	-0.441420048116997	-0.921409929877825	-0.69799549166419	0.261211104970604	0	1	0	0	0	0	0	-0.441420048116997	-0.115303818524818	0.643139977029339	0	0
0	HUMAN|HGNC=19239|UniProtKB=Q9BT88	-0.441420048116997	-0.921409929877825	-0.69799549166419	0.352081995255504	1	1	0	0	-0.441420048116997	1	0.352081995255504	-0.441420048116997	-0.155416051286813	0.643139977029339	-0.441420048116997	-0.155416051286813
0	HUMAN|HGNC=14875|UniProtKB=Q96LA5	-0.441420048116997	0.667724820376943	0.10328847135938	-1.24747525514207	0	0	0	0	0	0	0	0	0.550660587149577	0.068968275985451	0	0
0	HUMAN|HGNC=19683|UniProtKB=Q8TAS1	-0.441420048116997	0.635371350220445	0.164640476610291	-1.24747525514207	0	0	0	0	0	0	0	0	0.550660587149577	0.104607841924818	0	0
0	HUMAN|HGNC=16787|UniProtKB=Q9BZQ6	-0.441420048116997	0.933302511488744	1.68045108721863	0.677781331691775	0	1	0	0	0	0	0	-0.441420048116997	-0.299186268048185	1.56836922013514	0	0
0	HUMAN|HGNC=16790|UniProtKB=Q8IYK4	-0.441420048116997	-0.921409929877825	-0.69799549166419	-1.24747525514207	0	0	0	0	0	0	0	0	0.550660587149577	0.643139977029339	0	0
0	HUMAN|HGNC=1131|UniProtKB=P78543	-0.441420048116997	0.623875449678105	0.144975512649016	1.10716835997708	0	1	0	0	0	0	0	-0.441420048116997	-0.4887263107347	0.0904466631462187	0	0
0	HUMAN|HGNC=11862|UniProtKB=O60478	-0.441420048116997	1.34571501310529	1.26291909158292	0.277471627284754	0	1	1	0	0	0	0	-0.441420048116997	-0.122481539067137	1.69952918188044	0	0
0	HUMAN|HGNC=31406|UniProtKB=Q9Y2I8	1.24561418932589	-0.921409929877825	-0.69799549166419	-0.0356640082283937	0	1	0	0	0	0	0	1.24561418932589	-0.0444235946975224	0.643139977029339	0	0
0	HUMAN|HGNC=6167|UniProtKB=P19823	-0.441420048116997	0.72543796361454	0.291051382504143	-1.24747525514207	0	0	0	0	0	0	0	0	0.550660587149577	0.211139722231002	0	0
0	HUMAN|HGNC=19364|UniProtKB=Q8IZC4	-0.441420048116997	-0.241496490153846	-0.607690580363041	1.21557482674878	0	1	1	0	0	0	0	-0.441420048116997	-0.536579098513258	0.146755142257228	0	0
0	HUMAN|HGNC=18555|UniProtKB=Q9BX93	0.320925045119737	-0.921409929877825	-0.69799549166419	-1.24747525514207	1	0	0	0	0.320925045119737	0	-1.24747525514207	0	-0.400346052542226	0.643139977029339	0	-0.400346052542226
0	HUMAN|HGNC=30025|UniProtKB=Q5VV67	-0.441420048116997	-0.921409929877825	-0.69799549166419	-0.184055003860912	0	1	0	0	0	0	0	-0.441420048116997	0.0812455686604577	0.643139977029339	0	0
0	HUMAN|HGNC=13408|UniProtKB=Q14690	-0.441420048116997	0.111840515825308	-0.317818602805334	0.0998773543889146	0	1	0	0	0	0	0	-0.441420048116997	-0.044087866580153	-0.0355449964766271	0	0
0	HUMAN|HGNC=2468|UniProtKB=Q9UQE7	-0.441420048116997	0.549777418893737	1.75597678644498	0.395085525276521	0	1	0	0	0	0	0	-0.441420048116997	-0.174398671577891	0.965396385289042	0	0
0	HUMAN|HGNC=4464|UniProtKB=P49683	-0.441420048116997	-0.921409929877825	-0.69799549166419	-1.24747525514207	0	0	0	0	0	0	0	0	0.550660587149577	0.643139977029339	0	0
0	HUMAN|HGNC=14357|UniProtKB=Q8N119	0.379489034729465	-0.921409929877825	-0.69799549166419	-1.24747525514207	0	0	0	0	0	0	0	0	-0.47340318042276	0.643139977029339	0	0
0	HUMAN|HGNC=23601|UniProtKB=Q701N2	0.815337989880904	0.111185378350684	-0.361695129851564	0.344920560372874	0	0	0	0	0	0	0	0	0.281226836363014	-0.0402152098601461	0	0
0	HUMAN|HGNC=15132|UniProtKB=Q8NH74	-0.441420048116997	-0.921409929877825	-0.69799549166419	-1.24747525514207	0	0	0	0	0	0	0	0	0.550660587149577	0.643139977029339	0	0
0	HUMAN|HGNC=470|UniProtKB=Q01432	-0.441420048116997	0.848107893060833	0.979770562430886	1.14273079084586	0	1	1	1	0	0	0	-0.441420048116997	-0.504424280679953	0.830951147386286	0	0
0	HUMAN|HGNC=29441|UniProtKB=Q8NI77	-0.441420048116997	0.484385290371812	0.599714708346426	0.248306553891776	0	0	0	0	0	0	0	0	-0.109607490966673	0.29049298314263	0	0
0	HUMAN|HGNC=23761|UniProtKB=Q9NVX7	-0.441420048116997	-0.921409929877825	-0.69799549166419	0.712352849673565	0	1	0	0	0	0	0	-0.441420048116997	-0.314446829179185	0.643139977029339	0	0
0	HUMAN|HGNC=14724|UniProtKB=Q8NGQ5	-0.441420048116997	-0.921409929877825	-0.69799549166419	-1.24747525514207	0	0	0	0	0	0	0	0	0.550660587149577	0.643139977029339	0	0
0	HUMAN|HGNC=28359|UniProtKB=Q9H6F5	-0.441420048116997	0.672147470331714	0.845537667648219	0.463663561813878	0	1	0	0	0	0	0	-0.441420048116997	-0.20467039176598	0.568326004379928	0	0
0	HUMAN|HGNC=26944|UniProtKB=Q9NPI0	-0.441420048116997	-0.921409929877825	-0.69799549166419	0.025383388835611	0	1	1	0	0	0	0	-0.441420048116997	-0.0112047367211878	0.643139977029339	0	0
0	HUMAN|HGNC=28869|UniProtKB=Q7Z5V6	0.585832676752989	0.755603551513085	-0.0433530417441873	-1.24747525514207	0	0	0	0	0	0	0	0	-0.730811767902999	-0.0327577123108029	0	0
0	HUMAN|HGNC=25163|UniProtKB=Q8N1L9	-0.441420048116997	0.166959698557593	0.0173280200045544	0.294446681361386	0	1	0	0	0	0	0	-0.441420048116997	-0.129974668254433	0.00289308099656034	0	0
0	HUMAN|HGNC=14372|UniProtKB=Q96KG9	1.1182143805898	-0.921409929877825	-0.69799549166419	1.43120940966634	0	1	0	0	0	0	0	1.1182143805898	1.60039894352434	0.643139977029339	0	0
0	HUMAN|HGNC=9964|UniProtKB=Q92785	-0.441420048116997	2.52904055660661	0.384714975482603	0.0873309645945388	0	0	0	0	0	0	0	0	-0.038549638593425	0.97295977572942	0	0
0	HUMAN|HGNC=24104|UniProtKB=Q96HD9	-0.441420048116997	-0.921409929877825	-0.69799549166419	0.623698977739427	0	0	0	0	0	0	0	0	-0.275313232764259	0.643139977029339	0	0
0	HUMAN|HGNC=26915|UniProtKB=Q8NBR9	-0.441420048116997	-0.921409929877825	-0.69799549166419	-1.24747525514207	0	0	0	0	0	0	0	0	0.550660587149577	0.643139977029339	0	0
0	HUMAN|HGNC=3793|UniProtKB=P14207	-0.441420048116997	-0.921409929877825	-0.69799549166419	-1.24747525514207	0	0	0	0	0	0	0	0	0.550660587149577	0.643139977029339	0	0
0	HUMAN|HGNC=9440|UniProtKB=O43422	-0.441420048116997	-0.109397080816437	-0.177832891883059	1.19201497745749	0	1	0	0	0	0	0	-0.441420048116997	-0.526179308705466	0.0194543992451517	0	0
0	HUMAN|HGNC=28804|UniProtKB=Q8WTR4	3.13969586809763	1.99063523806441	1.24071509565741	0.927387512439661	0	1	1	0	0	0	0	3.13969586809763	2.91171474093214	2.46981118981409	0	0
0	HUMAN|HGNC=8599|UniProtKB=Q96RD7	-0.441420048116997	0.877475799163908	0.909932165108448	-0.063342115355418	0	1	0	0	0	0	0	-0.441420048116997	0.027960479608021	0.79844345376348	0	0
0	HUMAN|HGNC=12266|UniProtKB=O43280	1.15622864393088	-0.058653977267431	-0.310989354461092	-0.322004404180689	0	1	0	0	0	0	0	1.15622864393088	-0.372310715585609	0.0182407625269739	0	0
0	HUMAN|HGNC=17274|UniProtKB=Q14134	-0.441420048116997	0.755779765243051	3.0780407376402	-0.130864471506851	0	0	0	0	0	0	0	0	0.0577662013093595	2.32632090610226	0	0
0	HUMAN|HGNC=12618|UniProtKB=O75604	-0.441420048116997	1.09546791650053	0.998721054787633	0.331874535586687	0	0	0	0	0	0	0	0	-0.146496073467481	1.09406687305342	0	0
0	HUMAN|HGNC=14840|UniProtKB=Q8NGM9	-0.441420048116997	-0.921409929877825	-0.69799549166419	-1.24747525514207	0	0	0	0	0	0	0	0	0.550660587149577	0.643139977029339	0	0
0	HUMAN|HGNC=16956|UniProtKB=Q96B01	-0.441420048116997	-0.276050586596981	-0.556583347061219	0.0765968708994933	0	1	0	0	0	0	0	-0.441420048116997	-0.0338113944380657	0.15364515944636	0	0
0	HUMAN|HGNC=1246|UniProtKB=P00736	0.874663417532178	0.285623912320911	-0.194983408374633	-1.24747525514207	0	0	0	0	0	0	0	0	-1.09112096994939	-0.0556919239376286	0	0
0	HUMAN|HGNC=30375|UniProtKB=Q9NR16	-0.441420048116997	-0.921409929877825	-0.69799549166419	-1.24747525514207	0	0	0	0	0	0	0	0	0.550660587149577	0.643139977029339	0	0
0	HUMAN|HGNC=31713|UniProtKB=Q5QGZ9	-0.441420048116997	-0.921409929877825	-0.69799549166419	-1.24747525514207	0	0	0	0	0	0	0	0	0.550660587149577	0.643139977029339	0	0
0	HUMAN|HGNC=33748|UniProtKB=Q6BDI9	0.629996083162646	0.532376470393287	-0.372486790211116	-1.24747525514207	0	0	0	0	0	0	0	0	-0.785904524581829	-0.198303202640719	0	0
0	HUMAN|HGNC=9620|UniProtKB=Q12792	-0.441420048116997	-0.921409929877825	-0.69799549166419	-0.278878203919747	0	1	0	0	0	0	0	-0.441420048116997	0.123102430193036	0.643139977029339	0	0
0	HUMAN|HGNC=28930|UniProtKB=Q5XKE5	2.30184706404005	-0.119647527888769	-0.245385841749777	-1.24747525514207	0	0	0	0	0	0	0	0	-2.87149725351139	0.0293598093442654	0	0
0	HUMAN|HGNC=3285|UniProtKB=P23588	-0.441420048116997	-0.921409929877825	-0.69799549166419	1.254283107566	1	1	0	0	-0.441420048116997	1	1.254283107566	-0.441420048116997	-0.553665709694121	0.643139977029339	-0.441420048116997	-0.553665709694121
0	HUMAN|HGNC=29674|UniProtKB=O75452	-0.441420048116997	-0.921409929877825	-0.69799549166419	-1.24747525514207	0	0	0	0	0	0	0	0	0.550660587149577	0.643139977029339	0	0
0	HUMAN|HGNC=962|UniProtKB=Q9UIF9	-0.441420048116997	0.582661418244382	-0.226815331959997	1.31586535881479	0	1	0	0	0	0	0	-0.441420048116997	-0.580849350003513	-0.132156542999382	0	0
0	HUMAN|HGNC=15739|UniProtKB=O75901	-0.441420048116997	0.400529109623205	-0.29552399736063	-1.24747525514207	0	0	0	0	0	0	0	0	0.550660587149577	-0.118365963535144	0	0
0	HUMAN|HGNC=10989|UniProtKB=Q00325	-0.441420048116997	0.673376246430851	-0.294215489304168	0.228308618574363	0	1	0	0	0	0	0	-0.441420048116997	-0.10078000139662	-0.198117721829457	0	0
0	HUMAN|HGNC=25417|UniProtKB=Q8N4V2	0.449180334045927	0.484090447041494	0.452621480139865	-1.24747525514207	0	0	0	0	0	0	0	0	-0.560341351818745	0.21910973466149	0	0
0	HUMAN|HGNC=20596|UniProtKB=Q8NEM7	-0.441420048116997	-0.921409929877825	-0.69799549166419	-0.178370984276648	0	0	0	0	0	0	0	0	0.0787365284620742	0.643139977029339	0	0
0	HUMAN|HGNC=4653|UniProtKB=P13984	-0.441420048116997	1.70359093863426	0.542063735518657	0.406780386617111	0	1	0	0	0	0	0	-0.441420048116997	-0.179561017833575	0.923454867991821	0	0
0	HUMAN|HGNC=4653|UniProtKB=P13984	-0.441420048116997	-0.415891757360018	-0.494130935837062	0.406780386617111	0	1	0	0	0	0	0	-0.441420048116997	-0.179561017833575	0.205504983271226	0	0
0	HUMAN|HGNC=34296|UniProtKB=Q05C16	-0.441420048116997	-0.464920081049293	-0.595344500376945	-1.24747525514207	0	0	0	0	0	0	0	0	0.550660587149577	0.2767876133675	0	0
0	HUMAN|HGNC=11865|UniProtKB=Q99805	-0.441420048116997	-0.921409929877825	-0.69799549166419	0.170719268711748	0	1	0	0	0	0	0	-0.441420048116997	-0.0753589078092384	0.643139977029339	0	0
0	HUMAN|HGNC=3528|UniProtKB=P00742	-0.441420048116997	-0.921409929877825	-0.69799549166419	-1.24747525514207	0	1	0	0	0	0	0	-0.441420048116997	0.550660587149577	0.643139977029339	0	0
0	HUMAN|HGNC=20162|UniProtKB=Q9H972	-0.441420048116997	1.69702383051928	0.692020491030044	-0.0148506590533757	0	1	0	0	0	0	0	-0.441420048116997	0.00655537863391023	1.17437526448564	0	0
0	HUMAN|HGNC=39551|UniProtKB=E9PL57	-0.441420048116997	-0.921409929877825	-0.69799549166419	0.401336335093431	0	1	0	0	0	0	0	-0.441420048116997	-0.177157904348041	0.643139977029339	0	0
0	HUMAN|HGNC=7732|UniProtKB=Q15843	-0.441420048116997	-0.921409929877825	-0.69799549166419	0.401336335093431	1	1	0	0	-0.441420048116997	1	0.401336335093431	-0.441420048116997	-0.177157904348041	0.643139977029339	-0.441420048116997	-0.177157904348041
0	HUMAN|HGNC=8623|UniProtKB=P55771	-0.441420048116997	1.58376402892054	3.3488654838545	0.559489613469181	0	0	0	0	0	0	0	0	-0.246969932098526	5.30381269102234	0	0
0	HUMAN|HGNC=8623|UniProtKB=P55771	-0.441420048116997	-0.921409929877825	-0.69799549166419	0.559489613469181	0	0	0	0	0	0	0	0	-0.246969932098526	0.643139977029339	0	0
0	HUMAN|HGNC=19962|UniProtKB=Q6ZNE5	-0.441420048116997	-0.921409929877825	-0.69799549166419	0.197993847458292	0	1	0	0	0	0	0	-0.441420048116997	-0.0873984536719084	0.643139977029339	0	0
0	HUMAN|HGNC=20349|UniProtKB=Q63HM2	-0.441420048116997	0.724641855155944	-0.0587546612662029	0.593339436462799	0	1	0	0	0	0	0	-0.441420048116997	-0.261911922593121	-0.0425760867390003	0	0
0	HUMAN|HGNC=17964|UniProtKB=Q8TC12	3.74653165103269	0.759966414666617	0.863044315083339	0.101267020172591	0	0	0	0	0	0	0	0	0.379400096282377	0.655884693832292	0	0
0	HUMAN|HGNC=3258|UniProtKB=P49770	-0.441420048116997	-0.921409929877825	-0.69799549166419	-0.125341624500591	0	1	0	0	0	0	0	-0.441420048116997	0.0553283059181136	0.643139977029339	0	0
0	HUMAN|HGNC=9472|UniProtKB=Q99538	-0.441420048116997	0.338373807053592	1.38453105750463	0.234943556368848	0	0	1	0	0	0	0	0	-0.103708795957115	0.468489044911777	0	0
0	HUMAN|HGNC=23788|UniProtKB=Q6NUP7	-0.441420048116997	1.03236452113022	0.556325407339753	0.600707411019465	0	0	0	0	0	0	0	0	-0.265164294276449	0.574330612740881	0	0
0	HUMAN|HGNC=20122|UniProtKB=Q8NDG6	-0.441420048116997	0.433203225834765	0.793610862362081	-1.24747525514207	0	0	0	0	0	0	0	0	0.550660587149577	0.343794785632764	0	0
0	HUMAN|HGNC=20126|UniProtKB=Q96F83	-0.441420048116997	1.52910787923048	2.58721252553083	0.576640166575195	1	1	0	0	-0.441420048116997	1	0.576640166575195	-0.441420048116997	-0.254540530075816	3.95612705803298	-0.441420048116997	-0.254540530075816
0	HUMAN|HGNC=6189|UniProtKB=Q9Y219	-0.441420048116997	0.746397957459239	0.478721019143863	2.31039149622507	0	1	0	0	0	0	0	-0.441420048116997	-1.01985312543277	0.357316390881785	0	0
0	HUMAN|HGNC=38652|UniProtKB=D6RF30	-0.441420048116997	0.777856828268784	0.663844261795906	-1.24747525514207	0	0	0	0	0	0	0	0	0.550660587149577	0.516375791944996	0	0
0	HUMAN|HGNC=24464|UniProtKB=Q8NCH0	-0.441420048116997	0.103232317782784	-0.523054360481242	1.17038382668297	0	1	0	0	0	0	0	-0.441420048116997	-0.516630885089753	-0.0539961139588703	0	0
0	HUMAN|HGNC=4194|UniProtKB=P30047	1.13925555292511	-0.921409929877825	-0.69799549166419	1.83647367850829	0	1	0	0	0	0	0	1.13925555292511	2.09221283604136	0.643139977029339	0	0
0	HUMAN|HGNC=28520|UniProtKB=Q8NHR7	-0.441420048116997	-0.921409929877825	-0.69799549166419	-1.24747525514207	0	0	0	0	0	0	0	0	0.550660587149577	0.643139977029339	0	0
0	HUMAN|HGNC=16490|UniProtKB=Q6V1X1	-0.441420048116997	1.56090501746808	0.497155259323417	0.580443839416082	0	1	0	0	0	0	0	-0.441420048116997	-0.256219547524261	0.776012138738567	0	0
0	HUMAN|HGNC=26921|UniProtKB=Q2NL67	-0.441420048116997	-0.921409929877825	-0.69799549166419	0.636950945264174	1	0	1	0	-0.441420048116997	0	0.636950945264174	0	-0.281162916906678	0.643139977029339	0	-0.281162916906678
0	HUMAN|HGNC=26027|UniProtKB=Q9H0A8	-0.441420048116997	0.457049034175032	0.982797764283841	0.431169379281913	0	1	0	0	0	0	0	-0.441420048116997	-0.190326808149198	0.44918676895531	0	0
0	HUMAN|HGNC=19248|UniProtKB=Q8WVN8	-0.441420048116997	-0.24319616597958	-0.48924714937765	0.28914768515791	0	1	0	0	0	0	0	-0.441420048116997	-0.127635585095323	0.118983030945083	0	0
0	HUMAN|HGNC=29567|UniProtKB=Q96GR2	-0.441420048116997	-0.921409929877825	-0.69799549166419	-1.24747525514207	0	0	0	0	0	0	0	0	0.550660587149577	0.643139977029339	0	0
0	HUMAN|HGNC=25297|UniProtKB=Q6ZN04	-0.441420048116997	-0.921409929877825	-0.69799549166419	0.5209854845841	0	1	0	0	0	0	0	-0.441420048116997	-0.22997343767337	0.643139977029339	0	0
0	HUMAN|HGNC=3657|UniProtKB=P07332	-0.441420048116997	-0.378391430285328	-0.593841714851407	-1.24747525514207	0	0	0	0	0	0	0	0	0.550660587149577	0.224704615845716	0	0
0	HUMAN|HGNC=28782|UniProtKB=Q7Z6K5	-0.441420048116997	0.653432628207205	0.438124623316767	0.61078010020922	0	1	0	0	0	0	0	-0.441420048116997	-0.269610581223258	0.286284924096167	0	0
0	HUMAN|HGNC=12712|UniProtKB=Q9H267	-0.441420048116997	-0.294530057525034	-0.519034943530093	0.0257325960879523	0	1	0	0	0	0	0	-0.441420048116997	-0.0113588838033191	0.152871391775421	0	0
0	HUMAN|HGNC=30522|UniProtKB=Q8N4P3	-0.441420048116997	0.529854096715775	0.510891395933241	0.491161394427729	0	1	0	0	0	0	0	-0.441420048116997	-0.216808486361499	0.270697899112069	0	0
0	HUMAN|HGNC=5465|UniProtKB=P08069	-0.441420048116997	1.03018702289565	1.27210862906907	1.03077554268071	0	0	0	0	0	0	0	0	-0.45500498964794	1.31050980138052	0	0
0	HUMAN|Ensembl=ENSG00000260272|UniProtKB=H3BQ06	-0.441420048116997	-0.921409929877825	-0.69799549166419	-1.24747525514207	0	0	0	0	0	0	0	0	0.550660587149577	0.643139977029339	0	0
0	HUMAN|HGNC=3121|UniProtKB=Q66K89	-0.441420048116997	-0.921409929877825	-0.69799549166419	0.747224029263349	1	1	0	0	-0.441420048116997	1	0.747224029263349	-0.441420048116997	-0.329839666951604	0.643139977029339	-0.441420048116997	-0.329839666951604
0	HUMAN|HGNC=13234|UniProtKB=Q9H305	-0.441420048116997	-0.206442859252995	-0.114434210805239	-1.24747525514207	0	1	0	0	0	0	0	-0.441420048116997	0.550660587149577	0.0236241256749935	0	0
0	HUMAN|HGNC=29644|UniProtKB=Q9NZC3	-0.441420048116997	-0.921409929877825	-0.69799549166419	0.421959261852213	0	1	0	0	0	0	0	-0.441420048116997	-0.186261277670216	0.643139977029339	0	0
0	HUMAN|HGNC=18327|UniProtKB=P61236	-0.441420048116997	1.36215638344587	3.06777610044237	-1.24747525514207	0	0	0	0	0	0	0	0	0.550660587149577	4.17879079820024	0	0
0	HUMAN|HGNC=29547|UniProtKB=Q8NEM2	-0.441420048116997	1.30268424958236	2.86091989811527	0.846303379252429	0	1	0	0	0	0	0	-0.441420048116997	-0.373575278391184	3.72687529059153	0	0
0	HUMAN|HGNC=34408|UniProtKB=Q68EN5	-0.441420048116997	-0.921409929877825	-0.69799549166419	0.791054613383712	0	1	0	0	0	0	0	-0.441420048116997	-0.34918736550301	0.643139977029339	0	0
0	HUMAN|HGNC=30388|UniProtKB=A5D8T8	-0.441420048116997	-0.921409929877825	-0.69799549166419	-1.24747525514207	0	0	0	0	0	0	0	0	0.550660587149577	0.643139977029339	0	0
0	HUMAN|HGNC=26617|UniProtKB=Q8NB16	1.45845584045296	2.73081157076512	0.857316905142238	0.0679848828148297	0	1	0	0	0	0	0	1.45845584045296	0.0991529494037986	2.34117092437496	0	0
0	HUMAN|HGNC=29834|UniProtKB=Q8WUS8	-0.441420048116997	0.0748236751722113	-0.174879754428747	0.844684490246703	0	1	0	0	0	0	0	-0.441420048116997	-0.37286066832838	-0.0130851459395726	0	0
0	HUMAN|HGNC=18459|UniProtKB=Q9NXF8	-0.441420048116997	1.8774855700469	0.580868594602461	-0.208161049110996	0	1	0	0	0	0	0	-0.441420048116997	0.0918864603146606	1.09057240445954	0	0
0	HUMAN|HGNC=24764|UniProtKB=Q2TAL5	-0.441420048116997	0.990723014067647	3.43070758027748	0.17579680185434	0	0	0	0	0	0	0	0	-0.0776002327333567	3.39888095431723	0	0
0	HUMAN|HGNC=3354|UniProtKB=P13929	-0.441420048116997	-0.921409929877825	-0.69799549166419	1.39690830345431	0	1	0	0	0	0	0	-0.441420048116997	-0.616623330525833	0.643139977029339	0	0
0	HUMAN|HGNC=3354|UniProtKB=P13929	-0.441420048116997	-0.0519610022024745	0.0753892837282587	1.39690830345431	0	1	0	0	0	0	0	-0.441420048116997	-0.616623330525833	-0.00391730273784702	0	0
0	HUMAN|HGNC=32403|UniProtKB=Q8NAA5	-0.441420048116997	-0.921409929877825	-0.69799549166419	1.69702955176139	0	1	0	0	0	0	0	-0.441420048116997	-0.74910286639448	0.643139977029339	0	0
0	HUMAN|HGNC=31104|UniProtKB=Q92614	6.92524121356998	-0.921409929877825	-0.69799549166419	0.448398727870507	1	1	1	0	6.92524121356998	1	0.448398727870507	6.92524121356998	3.10526935036119	0.643139977029339	6.92524121356998	3.10526935036119
0	HUMAN|HGNC=28305|UniProtKB=Q8N816	-0.441420048116997	-0.921409929877825	-0.69799549166419	-1.24747525514207	0	0	0	0	0	0	0	0	0.550660587149577	0.643139977029339	0	0
0	HUMAN|HGNC=16928|UniProtKB=Q9BYR3	0.6031758691176	-0.921409929877825	-0.69799549166419	-1.24747525514207	1	0	0	0	0.6031758691176	0	-1.24747525514207	0	-0.752446971223021	0.643139977029339	0	-0.752446971223021
0	HUMAN|HGNC=4812|UniProtKB=P54257	-0.441420048116997	0.538081861901997	0.158606915314606	0.642452302593367	0	1	0	0	0	0	0	-0.441420048116997	-0.283591326323639	0.0853435043030156	0	0
0	HUMAN|HGNC=18829|UniProtKB=Q6JEL2	-0.441420048116997	0.147389118506938	0.225375471010341	-0.0611609131331015	0	1	0	0	0	0	0	-0.441420048116997	0.0269976532180931	0.0332178920053001	0	0
0	HUMAN|HGNC=18910|UniProtKB=Q9BYQ8	1.54394318710938	-0.921409929877825	-0.69799549166419	0.421921654917346	0	0	0	0	0	0	0	0	0.651423064603551	0.643139977029339	0	0
0	HUMAN|HGNC=18169|UniProtKB=Q96AY3	-0.441420048116997	0.193569545119326	-0.296839167881738	0.708395764415839	0	0	0	0	0	0	0	0	-0.312700092414316	-0.0574590227004672	0	0
0	HUMAN|HGNC=7221|UniProtKB=Q13368	-0.441420048116997	-0.921409929877825	-0.69799549166419	1.43097123241218	0	1	0	0	0	0	0	-0.441420048116997	-0.631659390265421	0.643139977029339	0	0
0	HUMAN|HGNC=18585|UniProtKB=Q96DH6	-0.441420048116997	-0.132239729565398	-0.193369093190922	0.519040668809522	0	1	1	0	0	0	0	-0.441420048116997	-0.229114957000577	0.0255710765898738	0	0
0	HUMAN|HGNC=23614|UniProtKB=Q9NSC7	-0.441420048116997	1.18522206519131	-0.187650477703158	-1.24747525514207	1	0	0	0	-0.441420048116997	0	-1.24747525514207	0	0.550660587149577	-0.222407486717473	0	0.550660587149577
0	HUMAN|HGNC=24674|UniProtKB=Q8TES7	-0.441420048116997	0.565373435331535	-0.0344559864560013	1.71589211580709	0	1	0	0	0	0	0	-0.441420048116997	-0.757429180323142	-0.0194804994303663	0	0
0	HUMAN|HGNC=44659|UniProtKB=Q96MC4	-0.441420048116997	-0.87056057888967	-0.696611551183006	-1.24747525514207	0	0	0	0	0	0	0	0	0.550660587149577	0.606442555259109	0	0
0	HUMAN|HGNC=28302|UniProtKB=Q96CN5	-0.441420048116997	-0.921409929877825	-0.69799549166419	-1.24747525514207	1	1	0	0	-0.441420048116997	1	-1.24747525514207	-0.441420048116997	0.550660587149577	0.643139977029339	-0.441420048116997	0.550660587149577
0	HUMAN|HGNC=7897|UniProtKB=O15118	-0.441420048116997	-0.921409929877825	-0.69799549166419	1.08589537048702	0	1	0	0	0	0	0	-0.441420048116997	-0.479335986690404	0.643139977029339	0	0
0	HUMAN|HGNC=8139|UniProtKB=O95948	-0.441420048116997	-0.921409929877825	-0.69799549166419	0.430227415103803	0	1	0	0	0	0	0	-0.441420048116997	-0.189911006276372	0.643139977029339	0	0
0	HUMAN|HGNC=28382|UniProtKB=Q8NEP9	1.75585655122166	0.442474428036286	0.229833192855646	1.40841244391093	1	1	0	0	1.75585655122166	1	1.40841244391093	1.75585655122166	2.47297021646311	0.101695310552555	1.75585655122166	2.47297021646311
0	HUMAN|HGNC=16268|UniProtKB=Q8IY17	-0.441420048116997	-0.351648479423996	-0.459732430996143	0.868684877917874	0	1	0	0	0	0	0	-0.441420048116997	-0.383454920609015	0.161664210301691	0	0
0	HUMAN|HGNC=5346|UniProtKB=P32942	-0.441420048116997	-0.921409929877825	-0.69799549166419	-1.24747525514207	0	0	0	0	0	0	0	0	0.550660587149577	0.643139977029339	0	0
0	HUMAN|HGNC=13507|UniProtKB=Q96PQ6	0.626574162402233	-0.921409929877825	-0.69799549166419	0.831647419492627	0	1	0	0	0	0	0	0.626574162402233	0.521088785282571	0.643139977029339	0	0
0	HUMAN|HGNC=26996|UniProtKB=P0C7I6	-0.441420048116997	0.551172811367905	0.986495432162336	0.957841966456668	0	1	0	0	0	0	0	-0.441420048116997	-0.422810646921781	0.543729460746511	0	0
0	HUMAN|HGNC=23760|UniProtKB=Q9H6B9	-0.441420048116997	0.660013896354058	0.845177894557338	-1.24747525514207	0	0	0	0	0	0	0	0	0.550660587149577	0.557829155299108	0	0
0	HUMAN|HGNC=20964|UniProtKB=A6NIX2	-0.441420048116997	1.53922600867165	0.667898038409727	-1.24747525514207	0	1	0	0	0	0	0	-0.441420048116997	0.550660587149577	1.02804603186103	0	0
0	HUMAN|Ensembl=ENSG00000266953|UniProtKB=K7ESF4	-0.441420048116997	-0.921409929877825	-0.69799549166419	-1.24747525514207	0	0	0	0	0	0	0	0	0.550660587149577	0.643139977029339	0	0
0	HUMAN|HGNC=24450|UniProtKB=Q8WXF8	-0.441420048116997	1.01659968564577	1.24266719779867	0.858405649054083	0	1	0	0	0	0	0	-0.441420048116997	-0.378917462909355	1.26329508264444	0	0
0	HUMAN|HGNC=12940|UniProtKB=Q12901	-0.441420048116997	-0.116168722725129	0.238453955734965	-1.24747525514207	0	0	0	0	0	0	0	0	0.550660587149577	-0.0277008914664852	0	0
0	HUMAN|HGNC=18838|UniProtKB=Q8WUF5	-0.441420048116997	-0.00334410610593243	-0.40552287285111	0.665134656737752	0	1	0	0	0	0	0	-0.441420048116997	-0.293603772181461	0.00135611151519666	0	0
0	HUMAN|HGNC=11459|UniProtKB=O00204	-0.441420048116997	0.920102215110045	3.56987276108957	0.321056273989795	1	0	0	0	-0.441420048116997	0	0.321056273989795	0	-0.141720675912839	3.28464783513953	0	-0.141720675912839
0	HUMAN|HGNC=9470|UniProtKB=O14669	-0.441420048116997	-0.921409929877825	-0.69799549166419	-1.24747525514207	0	0	0	0	0	0	0	0	0.550660587149577	0.643139977029339	0	0
0	HUMAN|HGNC=6357|UniProtKB=P06870	-0.441420048116997	-0.921409929877825	-0.69799549166419	-1.24747525514207	0	0	0	0	0	0	0	0	0.550660587149577	0.643139977029339	0	0
0	HUMAN|HGNC=23927|UniProtKB=O14713	-0.441420048116997	0.601087395718696	0.777068957574275	0.512756729073801	0	1	0	0	0	0	0	-0.441420048116997	-0.226341100020071	0.467086356002163	0	0
0	HUMAN|HGNC=15625|UniProtKB=A2RRP1	-0.441420048116997	0.908418615478553	0.234642959332842	0.433511754082233	0	1	0	0	0	0	0	-0.441420048116997	-0.191360779346263	0.213154032248931	0	0
0	HUMAN|HGNC=32954|UniProtKB=Q5I0X7	-0.441420048116997	-0.921409929877825	-0.69799549166419	-0.0133177287559184	0	1	0	0	0	0	0	-0.441420048116997	0.00587871246824663	0.643139977029339	0	0
0	HUMAN|HGNC=1851|UniProtKB=P49450	-0.441420048116997	1.13752950450865	0.202649804103046	0.573126604374715	0	1	0	0	0	0	0	-0.441420048116997	-0.252989573280218	0.230520131250113	0	0
0	HUMAN|HGNC=26108|UniProtKB=Q8N3C7	-0.441420048116997	0.711237024983534	-0.236842341252135	-1.24747525514207	0	0	0	0	0	0	0	0	0.550660587149577	-0.168451042182303	0	0
0	HUMAN|HGNC=24590|UniProtKB=Q9C005	-0.441420048116997	-0.921409929877825	-0.69799549166419	-0.376319562967931	0	1	0	0	0	0	0	-0.441420048116997	0.166114999592671	0.643139977029339	0	0
0	HUMAN|HGNC=9437|UniProtKB=P19525	-0.441420048116997	0.582633727515387	0.152935901550436	1.25319608806769	0	1	0	0	0	0	0	-0.441420048116997	-0.553185877494871	0.0891056143912569	0	0
0	HUMAN|HGNC=12697|UniProtKB=Q6UXI7	-0.441420048116997	0.347845295039261	0.93929720011758	-1.24747525514207	0	0	0	0	0	0	0	0	0.550660587149577	0.326730111704452	0	0
0	HUMAN|HGNC=30506|UniProtKB=Q8IVE3	-0.441420048116997	0.586957886581802	-0.118049597245357	0.924500732486972	0	1	0	0	0	0	0	-0.441420048116997	-0.408093157818598	-0.0692901421109677	0	0
0	HUMAN|HGNC=23784|UniProtKB=Q9BTC8	-0.441420048116997	-0.921409929877825	-0.69799549166419	0.268295535177077	0	1	0	0	0	0	0	-0.441420048116997	-0.118431028047441	0.643139977029339	0	0
0	HUMAN|HGNC=29267|UniProtKB=Q5MIZ7	-0.441420048116997	-0.921409929877825	-0.69799549166419	-1.24747525514207	0	0	0	0	0	0	0	0	0.550660587149577	0.643139977029339	0	0
0	HUMAN|HGNC=28951|UniProtKB=P42331	-0.441420048116997	0.46389116157571	0.158263598511401	-1.24747525514207	0	0	0	0	0	0	0	0	0.550660587149577	0.0734170845486055	0	0
0	HUMAN|HGNC=33857|UniProtKB=Q5FWF7	-0.441420048116997	0.778556963178024	1.40121386897806	-0.0803010521742502	0	1	0	0	0	0	0	-0.441420048116997	0.035446494314603	1.09092481459449	0	0
0	HUMAN|HGNC=11257|UniProtKB=P35270	-0.441420048116997	-0.921409929877825	-0.69799549166419	1.26637821414197	0	1	1	0	0	0	0	-0.441420048116997	-0.559004732220864	0.643139977029339	0	0
0	HUMAN|HGNC=12646|UniProtKB=O95183	-0.441420048116997	-0.921409929877825	-0.69799549166419	-1.24747525514207	0	0	0	0	0	0	0	0	0.550660587149577	0.643139977029339	0	0
0	HUMAN|HGNC=17264|UniProtKB=O95602	-0.441420048116997	1.01091049950687	1.70834616044471	0.726747351695717	0	1	0	0	0	0	0	-0.441420048116997	-0.320800850954423	1.7269850703858	0	0
0	HUMAN|HGNC=10731|UniProtKB=Q9C0C4	-0.441420048116997	0.943324667380557	-0.0847795806661673	2.37652955901209	0	1	0	0	0	0	0	-0.441420048116997	-1.04904779229058	-0.0799746697325754	0	0
0	HUMAN|HGNC=32416|UniProtKB=A6NKT7	-0.441420048116997	-0.10216445120346	0.647849016673937	-1.24747525514207	0	0	0	0	0	0	0	0	0.550660587149577	-0.0661871392511939	0	0
0	HUMAN|HGNC=23623|UniProtKB=Q8TDV2	1.1892677742515	-0.921409929877825	-0.69799549166419	-1.24747525514207	1	0	0	0	1.1892677742515	0	-1.24747525514207	0	-1.48358212011664	0.643139977029339	0	-1.48358212011664
0	HUMAN|HGNC=4496|UniProtKB=O43194	-0.441420048116997	-0.921409929877825	-0.69799549166419	1.56557898794801	0	1	0	0	0	0	0	-0.441420048116997	-0.69107795219097	0.643139977029339	0	0
0	HUMAN|HGNC=4496|UniProtKB=O43194	-0.441420048116997	1.10490951108558	0.721771726906481	1.56557898794801	0	1	0	0	0	0	0	-0.441420048116997	-0.69107795219097	0.797492445891635	0	0
0	HUMAN|HGNC=6729|UniProtKB=O60449	-0.441420048116997	-0.921409929877825	-0.69799549166419	-1.24747525514207	0	0	0	0	0	0	0	0	0.550660587149577	0.643139977029339	0	0
0	HUMAN|HGNC=29502|UniProtKB=Q0ZLH3	-0.441420048116997	0.789466481067166	0.699509767538543	0.164120743981184	0	1	0	0	0	0	0	-0.441420048116997	-0.0724461867051714	0.552239514650765	0	0
0	HUMAN|HGNC=23075|UniProtKB=Q9H4B0	-0.441420048116997	-0.242710004885299	-0.542509090370614	0.710399079866876	0	1	0	0	0	0	0	-0.441420048116997	-0.313584396017107	0.131672383974171	0	0
0	HUMAN|HGNC=28191|UniProtKB=Q9BSF0	-0.441420048116997	-0.921409929877825	-0.69799549166419	-1.24747525514207	0	0	0	0	0	0	0	0	0.550660587149577	0.643139977029339	0	0
0	HUMAN|HGNC=33809|UniProtKB=Q6UXQ4	-0.441420048116997	0.680818129848163	2.31143978890615	-1.24747525514207	0	0	0	0	0	0	0	0	0.550660587149577	1.57367011433972	0	0
0	HUMAN|HGNC=29160|UniProtKB=Q9NYY8	-0.441420048116997	-0.630928204043836	-0.677861656753457	1.20243388922222	0	1	0	0	0	0	0	-0.441420048116997	-0.530778425237979	0.427682037685638	0	0
0	HUMAN|HGNC=26310|UniProtKB=A0AUZ9	-0.441420048116997	0.853281024704834	-0.144362001994794	0.227221599076049	0	1	0	0	0	0	0	-0.441420048116997	-0.10030016919737	-0.123181356990559	0	0
0	HUMAN|HGNC=9387|UniProtKB=Q9UGI9	-0.441420048116997	-0.921409929877825	-0.69799549166419	0.969118077562184	0	0	0	0	0	0	0	0	-0.427788148428551	0.643139977029339	0	0
0	HUMAN|HGNC=9623|UniProtKB=P06454	-0.441420048116997	0.279893662089581	-0.328004845002509	1.22408473886738	0	0	0	0	0	0	0	0	-0.54033554433012	-0.0918064772508775	0	0
0	HUMAN|HGNC=16760|UniProtKB=Q9H9Q2	-0.441420048116997	-0.416224832776391	-0.498089572455739	0.281411401413732	0	1	0	0	0	0	0	-0.441420048116997	-0.124220634352721	0.207317249003054	0	0
0	HUMAN|HGNC=8788|UniProtKB=O43924	-0.441420048116997	-0.0597038649639155	-0.240870467377069	0.402994621840446	0	1	0	0	0	0	0	-0.441420048116997	-0.177889905363701	0.0143808978580757	0	0
0	HUMAN|HGNC=15756|UniProtKB=Q9H190	-0.441420048116997	-0.295557918505273	-0.588841401885338	-1.24747525514207	0	0	0	0	0	0	0	0	0.550660587149577	0.174036739070958	0	0
0	HUMAN|HGNC=3762|UniProtKB=Q9NZU0	-0.441420048116997	-0.921409929877825	-0.69799549166419	-1.24747525514207	0	1	0	0	0	0	0	-0.441420048116997	0.550660587149577	0.643139977029339	0	0
0	HUMAN|HGNC=29163|UniProtKB=Q9Y2I6	-0.441420048116997	0.632837176516373	1.53715099049113	-0.0346587688900288	0	1	0	0	0	0	0	-0.441420048116997	0.0152990754311124	0.97276629270175	0	0
0	HUMAN|HGNC=5360|UniProtKB=P41134	2.83200209248843	2.15299259017491	1.47019036545746	1.55154622882316	1	1	0	0	2.83200209248843	1	1.55154622882316	2.83200209248843	4.39398216661972	3.16530896297645	2.83200209248843	4.39398216661972
0	HUMAN|HGNC=10409|UniProtKB=P63220	-0.441420048116997	0.681851812174838	0.232822107745107	0.138240009566636	0	1	0	0	0	0	0	-0.441420048116997	-0.0610219116745987	0.158750176080366	0	0
0	HUMAN|HGNC=15867|UniProtKB=Q9BYJ9	-0.441420048116997	-0.921409929877825	-0.69799549166419	2.30132464330915	0	1	0	0	0	0	0	-0.441420048116997	-1.01585083478235	0.643139977029339	0	0
0	HUMAN|HGNC=34216|UniProtKB=Q3LHN1	-0.441420048116997	-0.921409929877825	-0.69799549166419	-1.24747525514207	0	0	0	0	0	0	0	0	0.550660587149577	0.643139977029339	0	0
0	HUMAN|HGNC=11503|UniProtKB=O43426	0.502948174079226	-0.921409929877825	-0.69799549166419	0.153855841568771	0	1	0	0	0	0	0	0.502948174079226	0.0773815145884361	0.643139977029339	0	0
0	HUMAN|HGNC=850|UniProtKB=P48047	-0.441420048116997	0.483352394713574	0.350484564624701	0.432641422161013	0	0	0	0	0	0	0	0	-0.19097659738772	0.169407553621493	0	0
0	HUMAN|Ensembl=ENSG00000249209|UniProtKB=H7C0C1	-0.441420048116997	-0.921409929877825	-0.69799549166419	-1.24747525514207	0	0	0	0	0	0	0	0	0.550660587149577	0.643139977029339	0	0
0	HUMAN|HGNC=10822|UniProtKB=P55822	-0.441420048116997	0.481032509491835	-0.35475597304888	0.630405547790803	0	1	0	0	0	0	0	-0.441420048116997	-0.278273647239038	-0.170649155972921	0	0
0	HUMAN|HGNC=18785|UniProtKB=P56182	0.449180334045927	0.390553367169195	-0.255576525590049	0.264583193463726	0	1	0	0	0	0	0	0.449180334045927	0.118845567222974	-0.0998162726385975	0	0
0	HUMAN|HGNC=18785|UniProtKB=P56182	-0.441420048116997	1.40458927895642	0.113357232096631	0.264583193463726	0	1	0	0	0	0	0	-0.441420048116997	-0.116792325989706	0.159220352895102	0	0
0	HUMAN|HGNC=16068|UniProtKB=O95613	-0.441420048116997	-0.132204644153092	-0.383682462426797	1.1520298516612	0	1	0	0	0	0	0	-0.441420048116997	-0.508529072552502	0.0507246034129168	0	0
0	HUMAN|HGNC=1739|UniProtKB=O75419	-0.441420048116997	-0.921409929877825	-0.69799549166419	0.358229833703134	0	1	0	0	0	0	0	-0.441420048116997	-0.158129830430181	0.643139977029339	0	0
0	HUMAN|HGNC=24974|UniProtKB=Q8IZ69	-0.441420048116997	-0.477629653656775	-0.647277346297691	0.325629993592255	0	1	0	0	0	0	0	-0.441420048116997	-0.143739607439831	0.309158854732042	0	0
0	HUMAN|HGNC=2397|UniProtKB=P53674	0.653151687031646	-0.0317274179928222	-0.1559988492944	-1.24747525514207	0	0	0	0	0	0	0	0	-0.81479056742628	0.00494944069796269	0	0
0	HUMAN|HGNC=18655|UniProtKB=Q9UDX4	0.504346671836806	-0.921409929877825	-0.69799549166419	-1.24747525514207	0	0	0	0	0	0	0	0	-0.629159993129676	0.643139977029339	0	0
0	HUMAN|HGNC=20834|UniProtKB=Q86V35	-0.441420048116997	-0.921409929877825	-0.69799549166419	-1.24747525514207	0	0	0	0	0	0	0	0	0.550660587149577	0.643139977029339	0	0
0	HUMAN|HGNC=6614|UniProtKB=P53671	-0.441420048116997	-0.921409929877825	-0.69799549166419	1.55895121337921	0	1	0	0	0	0	0	-0.441420048116997	-0.688152319621903	0.643139977029339	0	0
0	HUMAN|HGNC=16517|UniProtKB=Q8IU80	-0.441420048116997	0.859837119461692	0.500032911053291	-0.0827634110048621	0	0	0	0	0	0	0	0	0.036533428868093	0.429946857876106	0	0
0	HUMAN|HGNC=6009|UniProtKB=P14784	2.01858604534961	-0.317406690350488	-0.629224065846592	-0.17896553200884	1	0	0	0	2.01858604534961	0	-0.17896553200884	0	-0.361257325511614	0.199719928229245	0	-0.361257325511614
0	HUMAN|HGNC=1557|UniProtKB=O95931	-0.441420048116997	-0.921409929877825	-0.69799549166419	1.67765839869177	0	1	0	0	0	0	0	-0.441420048116997	-0.740552051074406	0.643139977029339	0	0
0	HUMAN|HGNC=6265|UniProtKB=P48050	-0.441420048116997	-0.361685267348744	-0.122226629455128	0.515579039995288	0	0	0	0	0	0	0	0	-0.227586924642835	0.0442075711516139	0	0
0	HUMAN|HGNC=13441|UniProtKB=Q8IWY4	-0.441420048116997	0.951933966758893	0.423894265079508	-1.24747525514207	0	0	0	0	0	0	0	0	0.550660587149577	0.403519349243482	0	0
0	HUMAN|HGNC=21592|UniProtKB=Q7Z5A7	-0.441420048116997	-0.155491288568092	-0.497897027227472	-1.24747525514207	0	0	1	0	0	0	0	0	0.550660587149577	0.0774186503378218	0	0
0	HUMAN|HGNC=38830|UniProtKB=A0A0A6YYG9	-0.441420048116997	-0.921409929877825	-0.69799549166419	0.471122270562604	0	1	0	0	0	0	0	-0.441420048116997	-0.207962815340734	0.643139977029339	0	0
0	HUMAN|HGNC=28988|UniProtKB=Q93075	2.41453686057113	-0.288502918625449	-0.11907395118467	1.5339336476602	0	0	0	0	0	0	0	0	3.70373933394588	0.0343531824490416	0	0
0	HUMAN|HGNC=7189|UniProtKB=Q13875	-0.441420048116997	-0.134495422642649	-0.407200229755849	-1.24747525514207	0	0	1	0	0	0	0	0	0.550660587149577	0.0547665670011968	0	0
0	HUMAN|HGNC=6888|UniProtKB=Q16644	-0.441420048116997	-0.149811227783064	-0.139691614277991	0.870654764982363	0	0	0	0	0	0	0	0	-0.384324468251807	0.0209273722459841	0	0
0	HUMAN|HGNC=18665|UniProtKB=Q96BQ1	-0.441420048116997	-0.187562974090331	-0.328188729026737	0.0615433521139491	0	0	0	0	0	0	0	0	-0.0271664694514207	0.0615560540791805	0	0
0	HUMAN|HGNC=33706|UniProtKB=A6NMZ2	-0.441420048116997	-0.921409929877825	-0.69799549166419	-1.24747525514207	0	0	0	0	0	0	0	0	0.550660587149577	0.643139977029339	0	0
0	HUMAN|HGNC=3394|UniProtKB=P54753	-0.441420048116997	-0.131381788967626	-0.542797375215844	0.408186169658587	0	1	0	0	0	0	0	-0.441420048116997	-0.180181558651386	0.0713136902027893	0	0
0	HUMAN|HGNC=20818|UniProtKB=Q8TF66	-0.441420048116997	-0.0763181450270173	0.520856444304171	-1.24747525514207	0	0	0	0	0	0	0	0	0.550660587149577	-0.0397507976546623	0	0
0	HUMAN|HGNC=23282|UniProtKB=Q8N307	-0.441420048116997	0.468123280434954	0.717312539318955	0.73008899647966	0	0	0	0	0	0	0	0	-0.322275919955741	0.335790699003116	0	0
0	HUMAN|HGNC=283|UniProtKB=P18825	-0.441420048116997	0.0356710297117153	0.212892233085402	0.255410682968894	0	1	0	0	0	0	0	-0.441420048116997	-0.112743395965724	0.00759408517178279	0	0
0	HUMAN|HGNC=283|UniProtKB=P18825	-0.441420048116997	1.16438636495971	2.54666476569565	0.255410682968894	0	1	0	0	0	0	0	-0.441420048116997	-0.112743395965724	2.96530172929934	0	0
0	HUMAN|HGNC=30781|UniProtKB=Q86TJ2	-0.441420048116997	0.433987691600489	0.360944634118824	-1.24747525514207	0	0	0	0	0	0	0	0	0.550660587149577	0.156645528556811	0	0
0	HUMAN|HGNC=25624|UniProtKB=Q8N5T2	-0.441420048116997	-0.921409929877825	-0.69799549166419	0.0323138096897695	0	0	0	0	0	0	0	0	-0.0142639634281015	0.643139977029339	0	0
0	HUMAN|HGNC=12525|UniProtKB=O60701	-0.441420048116997	0.0991282685451394	-0.46926775039741	0.16270958852044	0	1	0	0	0	0	0	-0.441420048116997	-0.0718232743937895	-0.0465176995809679	0	0
0	HUMAN|HGNC=29994|UniProtKB=Q6ZWK6	-0.441420048116997	-0.921409929877825	-0.69799549166419	0.259821439186928	0	0	0	0	0	0	0	0	-0.114690392187721	0.643139977029339	0	0
0	HUMAN|HGNC=26801|UniProtKB=Q8N8Q8	-0.441420048116997	-0.921409929877825	-0.69799549166419	0.286479383588738	0	1	0	0	0	0	0	-0.441420048116997	-0.126457743288268	0.643139977029339	0	0
0	HUMAN|HGNC=25968|UniProtKB=Q9NXL2	-0.441420048116997	0.478914955392181	-0.278934460392244	-1.24747525514207	0	0	0	0	0	0	0	0	0.550660587149577	-0.133585884656094	0	0
0	HUMAN|HGNC=28395|UniProtKB=Q8NHU3	-0.441420048116997	-0.141327480687329	-0.281027806783998	0.394500826979652	0	1	0	0	0	0	0	-0.441420048116997	-0.174140574027553	0.0397169519358678	0	0
0	HUMAN|HGNC=25319|UniProtKB=Q9H0C2	-0.441420048116997	-0.921409929877825	-0.69799549166419	-1.24747525514207	0	0	0	0	0	0	0	0	0.550660587149577	0.643139977029339	0	0
0	HUMAN|HGNC=17537|UniProtKB=Q9NY37	-0.441420048116997	-0.921409929877825	-0.69799549166419	-1.24747525514207	0	0	0	0	0	0	0	0	0.550660587149577	0.643139977029339	0	0
0	HUMAN|HGNC=26441|UniProtKB=Q96N87	-0.441420048116997	-0.921409929877825	-0.69799549166419	-1.24747525514207	0	0	0	0	0	0	0	0	0.550660587149577	0.643139977029339	0	0
0	HUMAN|HGNC=8507|UniProtKB=Q99650	1.86179351476278	0.885930911528524	0.935390330849202	0.620382404245396	0	1	0	0	0	0	0	1.86179351476278	1.15502393689702	0.828691208444201	0	0
0	HUMAN|HGNC=6848|UniProtKB=Q13233	-0.441420048116997	0.406804521081617	0.166798415596787	0.137101056682077	0	1	0	0	0	0	0	-0.441420048116997	-0.0605191550374935	0.0678543495740235	0	0
0	HUMAN|HGNC=29682|UniProtKB=Q969S9	-0.441420048116997	-0.302933879107535	-0.602713186275353	0.658451367169866	0	1	0	0	0	0	0	-0.441420048116997	-0.290653634178825	0.182582243507655	0	0
0	HUMAN|HGNC=17512|UniProtKB=Q86YM7	-0.441420048116997	-0.921409929877825	-0.69799549166419	-0.420566808049209	0	1	0	0	0	0	0	-0.441420048116997	0.185646620645494	0.643139977029339	0	0
0	HUMAN|HGNC=9004|UniProtKB=P78337	-0.441420048116997	-0.921409929877825	-0.69799549166419	1.97648489395556	0	1	0	0	0	0	0	-0.441420048116997	-0.872460056992382	0.643139977029339	0	0
0	HUMAN|HGNC=30022|UniProtKB=Q86YN6	-0.441420048116997	1.01167828790172	0.512156597969505	-1.24747525514207	0	1	0	0	0	0	0	-0.441420048116997	0.550660587149577	0.518137710171359	0	0
0	HUMAN|HGNC=33936|UniProtKB=Q494X1	-0.441420048116997	0.301313384969066	0.47516726050172	-1.24747525514207	0	0	0	0	0	0	0	0	0.550660587149577	0.143174255688251	0	0
0	HUMAN|HGNC=4204|UniProtKB=Q8N0V5	-0.441420048116997	1.3773563909923	1.00766830064282	-1.24747525514207	0	0	0	0	0	0	0	0	0.550660587149577	1.38791837389075	0	0
0	HUMAN|HGNC=4715|UniProtKB=Q02539	-0.441420048116997	-0.921409929877825	-0.69799549166419	-1.24747525514207	0	0	0	0	0	0	0	0	0.550660587149577	0.643139977029339	0	0
0	HUMAN|HGNC=2716|UniProtKB=O95865	-0.441420048116997	-0.921409929877825	-0.69799549166419	-1.24747525514207	0	0	0	0	0	0	0	0	0.550660587149577	0.643139977029339	0	0
0	HUMAN|HGNC=19267|UniProtKB=Q8NFP4	-0.441420048116997	0.689010494954705	0.893989775539341	0.571068967795534	0	0	0	0	0	0	0	0	-0.252081291242428	0.615968337728807	0	0
0	HUMAN|HGNC=2318|UniProtKB=Q9HCH3	-0.441420048116997	1.71047428746105	0.482113546141575	-1.24747525514207	0	1	0	0	0	0	0	-0.441420048116997	0.550660587149577	0.824642824311832	0	0
0	HUMAN|HGNC=7015|UniProtKB=Q16819	-0.441420048116997	-0.921409929877825	-0.69799549166419	-1.24747525514207	0	0	0	0	0	0	0	0	0.550660587149577	0.643139977029339	0	0
0	HUMAN|HGNC=25229|UniProtKB=Q9NU23	-0.441420048116997	-0.921409929877825	-0.69799549166419	1.05580803178658	0	1	0	0	0	0	0	-0.441420048116997	-0.466054832193542	0.643139977029339	0	0
0	HUMAN|HGNC=21573|UniProtKB=Q6NT16	-0.441420048116997	-0.921409929877825	-0.69799549166419	1.27353248579891	0	1	0	0	0	0	0	-0.441420048116997	-0.562162771159913	0.643139977029339	0	0
0	HUMAN|HGNC=11429|UniProtKB=O75558	-0.441420048116997	-0.056156934313601	0.053238704446162	0.983407518940897	0	1	0	0	0	0	0	-0.441420048116997	-0.434095794329507	-0.00298972242852434	0	0
0	HUMAN|HGNC=23097|UniProtKB=Q7RTT9	-0.441420048116997	-0.921409929877825	-0.69799549166419	-1.24747525514207	0	0	0	0	0	0	0	0	0.550660587149577	0.643139977029339	0	0
0	HUMAN|HGNC=9577|UniProtKB=P78330	-0.441420048116997	1.32854676112861	5.68921608989185	0.0462212123650653	0	1	0	0	0	0	0	-0.441420048116997	-0.0204029697862131	7.55838960958659	0	0
0	HUMAN|HGNC=19440|UniProtKB=Q9Y3A5	-0.441420048116997	0.780644781210746	0.0306561472794611	-1.24747525514207	0	1	0	0	0	0	0	-0.441420048116997	0.550660587149577	0.0239315613857393	0	0
0	HUMAN|HGNC=1097|UniProtKB=P15056	-0.441420048116997	-0.921409929877825	-0.69799549166419	0.566794312865592	0	1	0	0	0	0	0	-0.441420048116997	-0.25019437285757	0.643139977029339	0	0
0	HUMAN|HGNC=16634|UniProtKB=Q9Y291	0.449535267316289	-0.489141130234175	-0.665071003826467	0.463711913587279	0	1	0	0	0	0	0	0.449535267316289	0.208454859032206	0.325313582497656	0	0
0	HUMAN|HGNC=20651|UniProtKB=Q8NCC5	-0.441420048116997	0.884557388436914	1.31526607630606	0.422347866845844	0	1	0	0	0	0	0	-0.441420048116997	-0.186432815705204	1.16342832555696	0	0
0	HUMAN|HGNC=3385|UniProtKB=P21709	-0.441420048116997	-0.921409929877825	-0.69799549166419	0.823463434142884	0	1	0	0	0	0	0	-0.441420048116997	-0.363493268721939	0.643139977029339	0	0
0	HUMAN|HGNC=10802|UniProtKB=P11686	-0.441420048116997	-0.921409929877825	-0.69799549166419	-0.0346587688900288	0	1	0	0	0	0	0	-0.441420048116997	0.0152990754311124	0.643139977029339	0	0
0	HUMAN|HGNC=11738|UniProtKB=Q9BXT5	-0.441420048116997	-0.921409929877825	-0.69799549166419	0.514653193074978	0	0	0	0	0	0	0	0	-0.227178237250723	0.643139977029339	0	0
0	HUMAN|HGNC=9174|UniProtKB=P06746	-0.441420048116997	0.562383308601176	0.766827310321104	0.0196635531229024	0	1	0	0	0	0	0	-0.441420048116997	-0.00867988656566272	0.431250879904123	0	0
0	HUMAN|HGNC=24138|UniProtKB=Q9UF47	-0.441420048116997	-0.0570010295468754	0.626318595924123	-1.24747525514207	0	0	1	0	0	0	0	0	0.550660587149577	-0.0357008047920285	0	0
0	HUMAN|HGNC=26091|UniProtKB=Q53H54	-0.441420048116997	0.999354340162229	0.644410918418047	0.752101589022119	0	1	0	0	0	0	0	-0.441420048116997	-0.331992719615013	0.643994848169004	0	0
0	HUMAN|HGNC=7704|UniProtKB=Q9Y6M9	0.442266719318107	-0.921409929877825	-0.69799549166419	0.231109439818782	0	1	0	0	0	0	0	0.442266719318107	0.102212013752098	0.643139977029339	0	0
0	HUMAN|HGNC=30377|UniProtKB=Q14160	-0.441420048116997	-0.140089579234318	-0.50608406365834	0.790064894367676	0	0	0	0	0	0	0	0	-0.348750483687329	0.0708971035350907	0	0
0	HUMAN|HGNC=19191|UniProtKB=Q8NF50	-0.441420048116997	1.77940532261523	0.161712956332542	-0.0169620198252241	0	1	1	1	0	0	0	-0.441420048116997	0.00748737560741187	0.28775289523397	0	0
0	HUMAN|HGNC=21714|UniProtKB=Q9P0W0	-0.441420048116997	-0.921409929877825	-0.69799549166419	-1.24747525514207	0	0	0	0	0	0	0	0	0.550660587149577	0.643139977029339	0	0
0	HUMAN|HGNC=12508|UniProtKB=Q9UMX0	-0.441420048116997	0.46280555913217	-0.246587972454058	-0.18860365217346	0	1	0	0	0	0	0	-0.441420048116997	0.0832534332174502	-0.114122284466868	0	0
0	HUMAN|HGNC=1719|UniProtKB=O60729	-0.441420048116997	0.467375945419474	0.212627511156803	0.0221193456633005	0	1	0	0	0	0	0	-0.441420048116997	-0.00976392262701058	0.0993769840491006	0	0
0	HUMAN|HGNC=30967|UniProtKB=Q9BU70	-0.441420048116997	1.044509108466	1.38495745524197	0.412111617336188	0	1	0	0	0	0	0	-0.441420048116997	-0.181914329954114	1.44660067683813	0	0
0	HUMAN|HGNC=23397|UniProtKB=Q5T1M5	-0.441420048116997	-0.163592400135901	-0.305031334410384	0.497085382072576	0	1	0	0	0	0	0	-0.441420048116997	-0.219423453272732	0.0499008081128515	0	0
0	HUMAN|HGNC=8498|UniProtKB=P02763	-0.441420048116997	-0.921409929877825	-0.69799549166419	-1.24747525514207	0	0	0	0	0	0	0	0	0.550660587149577	0.643139977029339	0	0
0	HUMAN|HGNC=16361|UniProtKB=Q9P202	-0.441420048116997	0.440870096425159	-0.18725428313888	0.546330767878391	0	1	0	0	0	0	0	-0.441420048116997	-0.241161353844675	-0.0825548138634621	0	0
0	HUMAN|HGNC=13608|UniProtKB=Q9UKT8	-0.441420048116997	0.326893954547373	0.467658662845747	-0.0307583925023395	0	1	0	0	0	0	0	-0.441420048116997	0.0135773710983842	0.152874789675983	0	0
0	HUMAN|HGNC=6526|UniProtKB=P80188	-0.441420048116997	0.790640190375689	0.724536871816705	-1.24747525514207	0	0	0	0	0	0	0	0	0.550660587149577	0.572847970267366	0	0
0	HUMAN|HGNC=33776|UniProtKB=Q6ZQR2	-0.441420048116997	-0.921409929877825	-0.69799549166419	0.980055129318421	0	0	0	0	0	0	0	0	-0.432615982341047	0.643139977029339	0	0
0	HUMAN|HGNC=23381|UniProtKB=Q9NPH6	-0.441420048116997	-0.921409929877825	-0.69799549166419	0.912441442039452	0	0	0	0	0	0	0	0	-0.402769945248997	0.643139977029339	0	0
0	HUMAN|HGNC=10477|UniProtKB=P19793	-0.441420048116997	-0.921409929877825	-0.69799549166419	-1.24747525514207	0	0	0	0	0	0	0	0	0.550660587149577	0.643139977029339	0	0
0	HUMAN|HGNC=25420|UniProtKB=Q9H0X6	-0.441420048116997	-0.921409929877825	-0.69799549166419	0.999542684805489	0	1	0	0	0	0	0	-0.441420048116997	-0.441218180021831	0.643139977029339	0	0
0	HUMAN|HGNC=11122|UniProtKB=Q9UHP9	-0.441420048116997	-0.921409929877825	-0.69799549166419	-1.24747525514207	0	0	0	0	0	0	0	0	0.550660587149577	0.643139977029339	0	0
0	HUMAN|HGNC=9469|UniProtKB=O14668	-0.441420048116997	0.105857745025589	-0.450987279901884	-1.24747525514207	0	1	0	0	0	0	0	-0.441420048116997	0.550660587149577	-0.0477404964856376	0	0
0	HUMAN|HGNC=20893|UniProtKB=Q6W2J9	-0.441420048116997	0.265279093194217	-0.349839074140178	1.84133631488021	0	1	0	0	0	0	0	-0.441420048116997	-0.812802764713994	-0.092804992351811	0	0
0	HUMAN|HGNC=11733|UniProtKB=Q8IYF3	-0.441420048116997	-0.474054088275341	-0.569832724004011	-1.24747525514207	0	0	0	0	0	0	0	0	0.550660587149577	0.270131532447175	0	0
0	HUMAN|HGNC=27334|UniProtKB=Q5JSJ4	-0.441420048116997	0.435878685190186	-0.422105495661742	0.783080749320849	0	1	0	0	0	0	0	-0.441420048116997	-0.345667542044703	-0.183986788460592	0	0
1	HUMAN|HGNC=3495|UniProtKB=P41212	-0.441420048116997	1.16939744290562	0.405080797412307	0.387099424036438	0	1	1	1	0	0	0	-0.441420048116997	-0.170873446384226	0.47370044866412	0	0
1	HUMAN|HGNC=18505|UniProtKB=Q68DV7	2.73420735884177	0.388955171571879	-0.317065078053878	1.15267454197321	1	1	1	1	2.73420735884177	1	1.15267454197321	2.73420735884177	3.15165121501273	-0.123324101833897	2.73420735884177	3.15165121501273
1	HUMAN|HGNC=6773|UniProtKB=O15105	1.95596307526344	0.349022465688909	-0.0691481061138668	1.36259466159732	1	1	1	1	1.95596307526344	1	1.36259466159732	1.95596307526344	2.66518484463545	-0.0241342424935801	1.95596307526344	2.66518484463545
1	HUMAN|HGNC=10472|UniProtKB=Q13950	3.20370520147061	-0.921409929877825	-0.69799549166419	-1.24747525514207	1	0	1	1	3.20370520147061	0	-1.24747525514207	0	-3.99654296360454	0.643139977029339	0	-3.99654296360454
1	HUMAN|HGNC=7553|UniProtKB=P01106	2.21646286038527	1.00975252356709	0.905419899885913	0.656119737208079	1	1	0	0	2.21646286038527	1	0.656119737208079	2.21646286038527	1.45426502948745	0.914250028797666	2.21646286038527	1.45426502948745
1	HUMAN|HGNC=7553|UniProtKB=P01106	2.32515131517612	0.424234890981624	-0.159415174615827	0.656119737208079	1	1	0	0	2.32515131517612	1	0.656119737208079	2.32515131517612	1.52557766988238	-0.0676294792239618	2.32515131517612	1.52557766988238
1	HUMAN|HGNC=24166|UniProtKB=Q96KN1	1.46738681094823	0.372382742269644	-0.405169710405706	0.162999699160847	0	1	0	0	0	0	0	1.46738681094823	0.239183608737155	-0.150878207845474	0	0
1	HUMAN|HGNC=7553|UniProtKB=P01106	1.46738681094823	0.321596214622897	0.181360564573415	0.656119737208079	0	1	0	0	0	0	0	1.46738681094823	0.962781448781951	0.0583248710486815	0	0
1	HUMAN|HGNC=24166|UniProtKB=Q96KN1	1.0565318319892	-0.921409929877825	-0.69799549166419	0.162999699160847	0	1	0	0	0	0	0	1.0565318319892	0.172214370768098	0.643139977029339	0	0
1	HUMAN|HGNC=7553|UniProtKB=P01106	1.0565318319892	-0.921409929877825	-0.69799549166419	0.656119737208079	0	1	0	0	0	0	0	1.0565318319892	0.693211387956725	0.643139977029339	0	0
1	HUMAN|HGNC=11641|UniProtKB=Q9NQB0	-0.441420048116997	0.822478235372036	-0.0369051084598482	0.731938899513858	0	1	1	1	0	0	0	-0.441420048116997	-0.323092504242109	-0.0303536484822696	0	0
1	HUMAN|HGNC=11026|UniProtKB=P08195	2.07818449859348	1.24263155441209	3.82527168082697	1.94138866969205	1	1	1	0	2.07818449859348	1	1.94138866969205	2.07818449859348	4.03456383909903	4.75340329479457	2.07818449859348	4.03456383909903
1	HUMAN|HGNC=11641|UniProtKB=Q9NQB0	-0.441420048116997	1.26259405267823	0.198641665372049	0.731938899513858	0	1	1	1	0	0	0	-0.441420048116997	-0.323092504242109	0.250803785312849	0	0
1	HUMAN|HGNC=11026|UniProtKB=P08195	2.07818449859348	-0.921409929877825	-0.69799549166419	1.94138866969205	1	1	1	0	2.07818449859348	1	1.94138866969205	2.07818449859348	4.03456383909903	0.643139977029339	2.07818449859348	4.03456383909903
1	HUMAN|HGNC=11026|UniProtKB=P08195	2.07818449859348	-0.921409929877825	-0.69799549166419	1.94138866969205	1	1	1	0	2.07818449859348	1	1.94138866969205	2.07818449859348	4.03456383909903	0.643139977029339	2.07818449859348	4.03456383909903
1	HUMAN|HGNC=11026|UniProtKB=P08195	2.07818449859348	1.24263155441209	3.82527168082697	1.94138866969205	1	1	1	0	2.07818449859348	1	1.94138866969205	2.07818449859348	4.03456383909903	4.75340329479457	2.07818449859348	4.03456383909903
1	HUMAN|HGNC=26978|UniProtKB=A8K830	-0.441420048116997	4.41726192673045	3.84561884785567	-1.24747525514207	0	0	0	0	0	0	0	0	0.550660587149577	16.9871057213499	0	0
1	HUMAN|HGNC=30527|UniProtKB=Q8IXP5	-0.441420048116997	2.56211839106022	1.2961734513702	-1.24747525514207	0	0	1	0	0	0	0	0	0.550660587149577	3.32094983775958	0	0
1	HUMAN|HGNC=33789|UniProtKB=Q6ZS62	-0.441420048116997	-0.921409929877825	-0.69799549166419	-1.24747525514207	0	0	0	0	0	0	0	0	0.550660587149577	0.643139977029339	0	0
1	HUMAN|HGNC=26978|UniProtKB=A8K830	-0.441420048116997	6.35505127509159	4.1027520071404	-1.24747525514207	0	0	0	0	0	0	0	0	0.550660587149577	26.0731993743622	0	0
1	HUMAN|HGNC=30527|UniProtKB=Q8IXP5	-0.441420048116997	4.45752204401705	2.12039028395155	-1.24747525514207	0	0	1	0	0	0	0	0	0.550660587149577	9.4516864326336	0	0
1	HUMAN|HGNC=33789|UniProtKB=Q6ZS62	-0.441420048116997	-0.921409929877825	-0.69799549166419	-1.24747525514207	0	0	0	0	0	0	0	0	0.550660587149577	0.643139977029339	0	0
1	HUMAN|HGNC=3495|UniProtKB=P41212	-0.441420048116997	1.42175438425935	0.607518009021905	0.387099424036438	0	1	1	1	0	0	0	-0.441420048116997	-0.170873446384226	0.863741392843403	0	0
1	HUMAN|HGNC=25645|UniProtKB=Q8N682	0.955460791231505	1.42886114692235	0.287152552609771	0.685352861245104	0	1	1	0	0	0	0	0.955460791231505	0.654827787078022	0.410301125663677	0	0
1	HUMAN|HGNC=18505|UniProtKB=Q68DV7	2.3346677738866	-0.921409929877825	-0.69799549166419	1.15267454197321	1	1	1	1	2.3346677738866	1	1.15267454197321	2.3346677738866	2.69111210692435	0.643139977029339	2.3346677738866	2.69111210692435
1	HUMAN|HGNC=18505|UniProtKB=Q68DV7	2.73420735884177	0.388955171571879	-0.317065078053878	1.15267454197321	1	1	1	1	2.73420735884177	1	1.15267454197321	2.73420735884177	3.15165121501273	-0.123324101833897	2.73420735884177	3.15165121501273
1	HUMAN|HGNC=18505|UniProtKB=Q68DV7	2.37115612752689	1.09090995957454	0.458854882062604	1.15267454197321	1	1	1	1	2.37115612752689	1	1.15267454197321	2.37115612752689	2.73317130324403	0.500569360841494	2.37115612752689	2.73317130324403
1	HUMAN|HGNC=6773|UniProtKB=O15105	1.95596307526344	0.120006606206042	-0.224664006135909	1.36259466159732	1	1	1	1	1.95596307526344	1	1.36259466159732	1.95596307526344	2.66518484463545	-0.0269611649130238	1.95596307526344	2.66518484463545
1	HUMAN|HGNC=7127|UniProtKB=P40692	-0.441420048116997	-0.00835376804865165	-0.0866517332316759	-0.029087570110368	0	1	0	0	0	0	0	-0.441420048116997	0.0128398365977252	0.000723868480431061	0	0
1	HUMAN|HGNC=17260|UniProtKB=O95379	0.973610925903093	1.14310698372945	0.796351023029883	0.00841370717824512	1	1	1	1	0.973610925903093	1	0.00841370717824512	0.973610925903093	0.00819167723608874	0.91031441592555	0.973610925903093	0.00819167723608874
1	HUMAN|HGNC=17260|UniProtKB=O95379	1.82929740200964	-0.921409929877825	-0.69799549166419	0.00841370717824512	1	1	1	1	1.82929740200964	1	0.00841370717824512	1.82929740200964	0.0153911726824337	0.643139977029339	1.82929740200964	0.0153911726824337
1	HUMAN|HGNC=10472|UniProtKB=Q13950	3.20370520147061	-0.921409929877825	-0.69799549166419	-1.24747525514207	1	0	1	1	3.20370520147061	0	-1.24747525514207	0	-3.99654296360454	0.643139977029339	0	-3.99654296360454
1	HUMAN|HGNC=7553|UniProtKB=P01106	2.21646286038527	-0.921409929877825	-0.69799549166419	0.656119737208079	1	1	0	0	2.21646286038527	1	0.656119737208079	2.21646286038527	1.45426502948745	0.643139977029339	2.21646286038527	1.45426502948745
1	HUMAN|HGNC=7553|UniProtKB=P01106	3.43021330031546	0.725222416462706	0.469207685875928	0.656119737208079	1	1	0	0	3.43021330031546	1	0.656119737208079	3.43021330031546	2.25063064917064	0.340279931773815	3.43021330031546	2.25063064917064
1	HUMAN|HGNC=7553|UniProtKB=P01106	2.32515131517612	0.310106450094367	0.124509753749623	0.656119737208079	1	1	0	0	2.32515131517612	1	0.656119737208079	2.32515131517612	1.52557766988238	0.0386112777374193	2.32515131517612	1.52557766988238
1	HUMAN|HGNC=7553|UniProtKB=P01106	1.39992522063788	1.02567626607589	0.943368077057322	0.656119737208079	1	1	0	0	1.39992522063788	1	0.656119737208079	1.39992522063788	0.918518567875891	0.967590246811348	1.39992522063788	0.918518567875891
1	HUMAN|HGNC=24166|UniProtKB=Q96KN1	1.0565318319892	0.741053332095897	0.0213765110630894	0.162999699160847	0	1	0	0	0	0	0	1.0565318319892	0.172214370768098	0.0158411347518872	0	0
1	HUMAN|HGNC=7553|UniProtKB=P01106	1.0565318319892	1.00045882264827	0.67824895452473	0.656119737208079	0	1	0	0	0	0	0	1.0565318319892	0.693211387956725	0.678560150506228	0	0
1	HUMAN|HGNC=24166|UniProtKB=Q96KN1	1.46738681094823	0.612827006142927	-0.131804322131543	0.162999699160847	0	1	0	0	0	0	0	1.46738681094823	0.239183608737155	-0.0807732481285717	0	0
1	HUMAN|HGNC=7553|UniProtKB=P01106	1.46738681094823	0.296529968868928	-0.123087419887384	0.656119737208079	0	1	0	0	0	0	0	1.46738681094823	0.962781448781951	-0.0364991087873625	0	0
1	HUMAN|HGNC=24166|UniProtKB=Q96KN1	1.46738681094823	1.65983172013834	2.65842161391309	0.162999699160847	0	1	0	0	0	0	0	1.46738681094823	0.239183608737155	4.4125325202743	0	0
1	HUMAN|HGNC=7553|UniProtKB=P01106	1.46738681094823	0.913519373626317	1.35608433220587	0.656119737208079	0	1	0	0	0	0	0	1.46738681094823	0.962781448781951	1.23880930974117	0	0
1	HUMAN|HGNC=7553|UniProtKB=P01106	1.97862723306578	0.519808340770841	0.677939372000853	0.656119737208079	1	1	1	0	1.97862723306578	1	0.656119737208079	1.97862723306578	1.29821638019187	0.352398540102989	1.97862723306578	1.29821638019187
