enhancer	gene	H3K27ac_enhancer	H3K4me1	H3K4me3	eQTL_Zscore	coeff_abs	H3K27ac_promoter	nearest	intronic_target	truelink
10008	HUMAN|HGNC=29551|UniProtKB=Q3YBR2	0	0	1	0	0	3.310885	0	0	0
11463	HUMAN|HGNC=6850|UniProtKB=Q16584	0	0	1	0.9395167	0.027758	5.68175	0	0	0
12200	HUMAN|HGNC=12761|UniProtKB=P30291	1	7.87588	1	0.456552	0.0383873	7.271835	1	0	0
14265	HUMAN|HGNC=5123|UniProtKB=O43248	0	0	1	0	0	0	0	0	0
14304	HUMAN|HGNC=28412|UniProtKB=Q9BQ15	0	0	1	0	0	5.799485	0	0	0
15608	HUMAN|HGNC=3437|UniProtKB=P28715	0	0	1	0.5366265	0.01462505	3.93729	0	0	0
169	HUMAN|HGNC=29141|UniProtKB=O94967	0	0	1	0	0	6.119845	0	0	0
18181	HUMAN|HGNC=20192|UniProtKB=Q9H0R1	0	0	1	0	0	2.98498	0	0	0
18731	HUMAN|HGNC=20210|UniProtKB=Q9NWQ4	0	0	1	0	0	3.06741	0	0	0
28479	HUMAN|HGNC=9987|UniProtKB=O14593	0	0	1	0	0	4.19633666666667	0	0	0
28512	HUMAN|HGNC=12458|UniProtKB=P62987	0	8.40864	1	0	0	5.61068	0	0	0
28982	HUMAN|HGNC=29328|UniProtKB=Q6P280	0	0	0	0.5484779	0.011715323	0	0	0	0
30286	HUMAN|HGNC=11533|UniProtKB=Q53T94	0	0	1	1.106128	0.26059269	4.55111	0	0	0
39594	HUMAN|HGNC=29113|UniProtKB=Q6IC98	0	5.31293	1	0.9175979	0.097994	11.93719	0	0	0
43610	HUMAN|HGNC=29448|UniProtKB=Q9BY31	0	0	0	0	0	0	0	0	0
45264	HUMAN|HGNC=3569|UniProtKB=P33121	0	0	1	0.983065	0.16595485	0	0	0	0
45525	HUMAN|HGNC=37260|UniProtKB=Q8N5G0	0	0	1	1.606928	0.218044	4.51559	0	0	0
47606	HUMAN|HGNC=10974|UniProtKB=Q9UHI7	0	4.58698	0	0	0	0	0	0	0
52848	HUMAN|HGNC=21095|UniProtKB=Q5TGJ6	0	4.00069	0	0	0	0	0	0	0
54822	HUMAN|HGNC=11306|UniProtKB=P78362	0	0	0	0.8862036	0.0363303	0	0	0	0
57906	HUMAN|HGNC=16009|UniProtKB=Q9Y574	0	0	0	0	0	2.48748	0	0	0
57985	HUMAN|HGNC=5177|UniProtKB=O95081	0	0	1	0.5754073	0.0170753	6.27613	0	0	0
58324	HUMAN|HGNC=28268|UniProtKB=Q8N7N1	0	0	0	0	0	0	0	0	0
64536	HUMAN|HGNC=14455|UniProtKB=P0C5Z0	0	0	0	0	0	0	0	0	0
67268	HUMAN|HGNC=6492|UniProtKB=P11047	0	0	1	1.583029	0.119209	6.18023	0	0	0
74282	HUMAN|HGNC=20271|UniProtKB=Q8NEJ9	0	0	1	0	0	5.07388	0	0	0
76069	HUMAN|HGNC=16874|UniProtKB=Q7L1I2	0	0	0	0	0	0	0	0	0
76446	HUMAN|HGNC=48329|UniProtKB=K7EJ46	1	17.00393	0	1.047057	0.0977027825	0	0	0	0
81242	HUMAN|HGNC=3374|UniProtKB=Q99814	0	0	0	0.9160187	0.0390106666666667	0	1	0	0
85195	HUMAN|HGNC=34426|UniProtKB=Q6ZRV3	1	8.91979	0	0	0	0	0	0	0
9069	HUMAN|HGNC=6622|UniProtKB=P07098	0	3.14983	0	0	0	0	0	0	0
93997	HUMAN|HGNC=20145|UniProtKB=P51810	0	0	1	0.7082675	0.0851876	3.528885	0	0	0
EH37E0064852	HUMAN|HGNC=28390|UniProtKB=Q8TBF2	0	0	0	0	0	4.678225	0	0	0
EH37E0065602	HUMAN|HGNC=27915|UniProtKB=Q8IYL3	0	0	1	0.415425	0.03521305	4.59496	0	0	0
EH37E0075192	HUMAN|HGNC=1242|UniProtKB=P02746	0	0	0	0.8095694	0.0257435	0	0	0	0
EH37E0078078	HUMAN|HGNC=6510|UniProtKB=P16949	0	0	1	0	0	0	0	0	0
EH37E0078867	HUMAN|HGNC=3521|UniProtKB=Q99504	0	0	1	0	0	0	0	0	0
EH37E0085840	HUMAN|HGNC=26948|UniProtKB=Q5T013	0	0	1	0	0	7.972575	0	0	0
EH37E0102586	HUMAN|HGNC=954|UniProtKB=Q9NY43	0	0	0	0	0	0	0	0	0
EH37E0110688	HUMAN|HGNC=15512|UniProtKB=Q8TAA9	0	0	1	1.312091	0.14606425	4.81169	0	0	0
EH37E0111147	HUMAN|HGNC=24712|UniProtKB=Q5VWP2	0	0	1	0	0	4.731165	0	0	0
EH37E0116149	HUMAN|HGNC=225|UniProtKB=P55265	0	0	1	0	0	4.21231	0	0	0
EH37E0116517	HUMAN|HGNC=19239|UniProtKB=Q9BT88	1	0	1	0	0	4.466025	0	0	0
EH37E0116999	HUMAN|HGNC=14875|UniProtKB=Q96LA5	0	0	0	1.010041	0.0601342	0	0	0	0
EH37E0119119	HUMAN|HGNC=19683|UniProtKB=Q8TAS1	0	0	0	0.9894774	0.0647385025	0	0	0	0
EH37E0128113	HUMAN|HGNC=16787|UniProtKB=Q9BZQ6	0	0	1	1.17884	0.178496	5.37539	0	0	0
EH37E0128126	HUMAN|HGNC=16790|UniProtKB=Q8IYK4	0	0	0	0	0	0	0	0	0
EH37E0133910	HUMAN|HGNC=1131|UniProtKB=P78543	0	0	1	0.9821707	0.0632627	6.574255	0	0	0
EH37E0148655	HUMAN|HGNC=11862|UniProtKB=O60478	0	0	1	1.440966	0.14716135	4.25771	1	0	0
EH37E0152771	HUMAN|HGNC=31406|UniProtKB=Q9Y2I8	0	5.56113	1	0	0	3.38342333333333	0	0	0
EH37E0156206	HUMAN|HGNC=6167|UniProtKB=P19823	0	0	0	1.046723	0.0742253	0	0	0	0
EH37E0174717	HUMAN|HGNC=19364|UniProtKB=Q8IZC4	0	0	1	0.4321474	0.00677714	6.87693	1	0	0
EH37E0179225	HUMAN|HGNC=18555|UniProtKB=Q9BX93	1	2.51299	0	0	0	0	0	0	0
EH37E0190531	HUMAN|HGNC=30025|UniProtKB=Q5VV67	0	0	1	0	0	2.96911	0	0	0
EH37E0191006	HUMAN|HGNC=13408|UniProtKB=Q14690	0	0	1	0.6567255	0.02853125	3.76186	0	0	0
EH37E0193611	HUMAN|HGNC=2468|UniProtKB=Q9UQE7	0	0	1	0.9350746	0.184164	4.5860925	0	0	0
EH37E0196570	HUMAN|HGNC=4464|UniProtKB=P49683	0	0	0	0	0	0	0	0	0
EH37E0199602	HUMAN|HGNC=14357|UniProtKB=Q8N119	0	2.70604	0	0	0	0	0	0	0
EH37E0203323	HUMAN|HGNC=23601|UniProtKB=Q701N2	0	4.14277	0	0.6563091	0.025238435	4.44603	0	0	0
EH37E0205760	HUMAN|HGNC=15132|UniProtKB=Q8NH74	0	0	0	0	0	0	0	0	0
EH37E0206832	HUMAN|HGNC=470|UniProtKB=Q01432	0	0	1	1.124691	0.125911816666667	6.67354666666667	1	1	0
EH37E0213043	HUMAN|HGNC=29441|UniProtKB=Q8NI77	0	0	0	0.8935119	0.09738965	4.17628	0	0	0
EH37E0219381	HUMAN|HGNC=23761|UniProtKB=Q9NVX7	0	0	1	0	0	5.471915	0	0	0
EH37E0220302	HUMAN|HGNC=14724|UniProtKB=Q8NGQ5	0	0	0	0	0	0	0	0	0
EH37E0220796	HUMAN|HGNC=28359|UniProtKB=Q9H6F5	0	0	1	1.012852	0.115838	4.777565	0	0	0
EH37E0221253	HUMAN|HGNC=26944|UniProtKB=Q9NPI0	0	0	1	0	0	3.55387	1	0	0
EH37E0221494	HUMAN|HGNC=28869|UniProtKB=Q7Z5V6	0	3.38623	0	1.065896	0.04912915	0	0	0	0
EH37E0222525	HUMAN|HGNC=25163|UniProtKB=Q8N1L9	0	0	1	0.6917588	0.0536831	4.305105	0	0	0
EH37E0222821	HUMAN|HGNC=14372|UniProtKB=Q96KG9	0	5.14117	1	0	0	7.47899	0	0	0
EH37E0222981	HUMAN|HGNC=9964|UniProtKB=Q92785	0	0	0	2.193078	0.0812545	3.72683	0	0	0
EH37E0224067	HUMAN|HGNC=24104|UniProtKB=Q96HD9	0	0	0	0	0	5.22439	0	0	0
EH37E0224420	HUMAN|HGNC=26915|UniProtKB=Q8NBR9	0	0	0	0	0	0	0	0	0
EH37E0226482	HUMAN|HGNC=3793|UniProtKB=P14207	0	0	0	0	0	0	0	0	0
EH37E0228087	HUMAN|HGNC=9440|UniProtKB=O43422	0	0	1	0.5161087	0.0390368	6.81115	0	0	0
EH37E0228116	HUMAN|HGNC=28804|UniProtKB=Q8WTR4	0	11.80477	1	1.850872	0.145495	6.0723	1	0	0
EH37E0234524	HUMAN|HGNC=8599|UniProtKB=Q96RD7	0	0	1	1.143357	0.120670633333333	3.306145	0	0	0
EH37E0242433	HUMAN|HGNC=12266|UniProtKB=O43280	0	5.26648	1	0.5483606	0.0290437666666667	2.58395	0	0	0
EH37E0243047	HUMAN|HGNC=17274|UniProtKB=Q14134	0	0	0	1.066008	0.283381333333333	3.11762	0	0	0
EH37E0243443	HUMAN|HGNC=12618|UniProtKB=O75604	0	0	0	1.281911	0.127334	4.409605	0	0	0
EH37E0245480	HUMAN|HGNC=14840|UniProtKB=Q8NGM9	0	0	0	0	0	0	0	0	0
EH37E0252433	HUMAN|HGNC=16956|UniProtKB=Q96B01	0	0	1	0.4101851	0.0106126	3.69686	0	0	0
EH37E0252790	HUMAN|HGNC=1246|UniProtKB=P00736	0	4.33833	0	0.7671808	0.0377497	0	0	0	0
EH37E0253287	HUMAN|HGNC=30375|UniProtKB=Q9NR16	0	0	0	0	0	0	0	0	0
EH37E0253875	HUMAN|HGNC=31713|UniProtKB=Q5QGZ9	0	0	0	0	0	0	0	0	0
EH37E0260614	HUMAN|HGNC=33748|UniProtKB=Q6BDI9	0	3.53181	0	0.9240147	0.02442855	0	0	0	0
EH37E0264533	HUMAN|HGNC=9620|UniProtKB=Q12792	0	0	1	0	0	2.70436	0	0	0
EH37E0267972	HUMAN|HGNC=28930|UniProtKB=Q5XKE5	0	9.04289	0	0.5095936	0.0339671333333333	0	0	0	0
EH37E0268394	HUMAN|HGNC=3285|UniProtKB=P23588	1	0	1	0	0	6.985005	0	0	0
EH37E0269355	HUMAN|HGNC=29674|UniProtKB=O75452	0	0	0	0	0	0	0	0	0
EH37E0269570	HUMAN|HGNC=962|UniProtKB=Q9UIF9	0	0	1	0.9559754	0.0353608	7.156945	0	0	0
EH37E0278481	HUMAN|HGNC=15739|UniProtKB=O75901	0	0	0	0.8402136	0.0302044	0	0	0	0
EH37E0283374	HUMAN|HGNC=10989|UniProtKB=Q00325	0	0	1	1.013633	0.0303026	4.120445	0	0	0
EH37E0287415	HUMAN|HGNC=25417|UniProtKB=Q8N4V2	0	2.93577	0	0.8933245	0.0863507	0	0	0	0
EH37E0305342	HUMAN|HGNC=20596|UniProtKB=Q8NEM7	0	0	0	0	0	2.98498	0	0	0
EH37E0308051	HUMAN|HGNC=4653|UniProtKB=P13984	0	0	1	1.668429	0.0930631	4.618745	0	0	0
EH37E0308520	HUMAN|HGNC=4653|UniProtKB=P13984	0	0	1	0.3213032	0.015299485	4.618745	0	0	0
EH37E0308725	HUMAN|HGNC=34296|UniProtKB=Q05C16	0	0	0	0.2901412	0.00770368	0	0	0	0
EH37E0322185	HUMAN|HGNC=11865|UniProtKB=Q99805	0	0	1	0	0	3.95965333333333	0	0	0
EH37E0326621	HUMAN|HGNC=3528|UniProtKB=P00742	0	0	1	0	0	0	0	0	0
EH37E0328073	HUMAN|HGNC=20162|UniProtKB=Q9H972	0	0	1	1.664255	0.10431695	3.441535	0	0	0
EH37E0328955	HUMAN|HGNC=39551|UniProtKB=E9PL57	0	0	1	0	0	4.603545	0	0	0
EH37E0329034	HUMAN|HGNC=7732|UniProtKB=Q15843	1	0	1	0	0	4.603545	0	0	0
EH37E0332283	HUMAN|HGNC=8623|UniProtKB=P55771	0	0	0	1.592268	0.303706	5.045115	0	0	0
EH37E0332307	HUMAN|HGNC=8623|UniProtKB=P55771	0	0	0	0	0	5.045115	0	0	0
EH37E0336662	HUMAN|HGNC=19962|UniProtKB=Q6ZNE5	0	0	1	0	0	4.035805	0	0	0
EH37E0338447	HUMAN|HGNC=20349|UniProtKB=Q63HM2	0	0	1	1.046217	0.0479733	5.139625	0	0	0
EH37E0342142	HUMAN|HGNC=17964|UniProtKB=Q8TC12	0	13.80514	0	1.068669	0.117151826666667	3.76574	0	0	0
EH37E0345565	HUMAN|HGNC=3258|UniProtKB=P49770	0	0	1	0	0	3.13304	0	0	0
EH37E0351416	HUMAN|HGNC=9472|UniProtKB=Q99538	0	0	0	0.8007082	0.156288	4.13897	1	0	0
EH37E0351779	HUMAN|HGNC=23788|UniProtKB=Q6NUP7	0	0	0	1.241803	0.0941334	5.16019666666667	0	0	0
EH37E0357134	HUMAN|HGNC=20122|UniProtKB=Q8NDG6	0	0	0	0.860981	0.111941033333333	0	0	0	0
EH37E0357218	HUMAN|HGNC=20126|UniProtKB=Q96F83	1	0	1	1.557529	0.246546	5.093	0	0	0
EH37E0357629	HUMAN|HGNC=6189|UniProtKB=Q9Y219	0	0	1	1.060045	0.0883094	9.9337	0	0	0
EH37E0361172	HUMAN|HGNC=38652|UniProtKB=D6RF30	0	0	0	1.08004	0.1022024	0	0	0	0
EH37E0363643	HUMAN|HGNC=24464|UniProtKB=Q8NCH0	0	0	1	0.6512542	0.01312886	6.750755	0	0	0
EH37E0364151	HUMAN|HGNC=4194|UniProtKB=P30047	0	5.21053	1	0	0	8.61050333333333	0	0	0
EH37E0365617	HUMAN|HGNC=28520|UniProtKB=Q8NHR7	0	0	0	0	0	0	0	0	0
EH37E0374123	HUMAN|HGNC=16490|UniProtKB=Q6V1X1	0	0	1	1.577739	0.08969284	5.10362	0	0	0
EH37E0377772	HUMAN|HGNC=26921|UniProtKB=Q2NL67	1	0	0	0	0	5.26139	1	0	0
EH37E0379344	HUMAN|HGNC=26027|UniProtKB=Q9H0A8	0	0	1	0.8761372	0.126139	4.68684	0	0	0
EH37E0379503	HUMAN|HGNC=19248|UniProtKB=Q8WVN8	0	0	1	0.4310671	0.015666	4.29031	0	0	0
EH37E0380194	HUMAN|HGNC=29567|UniProtKB=Q96GR2	0	0	0	0	0	0	0	0	0
EH37E0381933	HUMAN|HGNC=25297|UniProtKB=Q6ZN04	0	0	1	0	0	4.93761	0	0	0
EH37E0385114	HUMAN|HGNC=3657|UniProtKB=P07332	0	0	0	0.3451381	0.00781646	0	0	0	0
EH37E0385333	HUMAN|HGNC=28782|UniProtKB=Q7Z6K5	0	0	1	1.000957	0.08526275	5.18832	0	0	0
EH37E0385662	HUMAN|HGNC=12712|UniProtKB=Q9H267	0	0	1	0.3984397	0.0134305064	3.554845	0	0	0
EH37E0385730	HUMAN|HGNC=30522|UniProtKB=Q8N4P3	0	0	1	0.9224115	0.0907237	4.85434	0	0	0
EH37E0387682	HUMAN|HGNC=5465|UniProtKB=P08069	0	0	0	1.240419	0.147851	6.36096333333333	0	0	0
EH37E0390196	HUMAN|Ensembl=ENSG00000260272|UniProtKB=H3BQ06	0	0	0	0	0	0	0	0	0
EH37E0390443	HUMAN|HGNC=3121|UniProtKB=Q66K89	1	0	1	0	0	5.56927666666667	0	0	0
EH37E0390980	HUMAN|HGNC=13234|UniProtKB=Q9H305	0	0	1	0.4544272	0.0437947	0	0	0	0
EH37E0396740	HUMAN|HGNC=29644|UniProtKB=Q9NZC3	0	0	1	0	0	4.661125	0	0	0
EH37E0401140	HUMAN|HGNC=18327|UniProtKB=P61236	0	0	0	1.451416	0.282611	0	0	0	0
EH37E0401741	HUMAN|HGNC=29547|UniProtKB=Q8NEM2	0	0	1	1.413616	0.267087	5.84591	0	0	0
EH37E0408409	HUMAN|HGNC=34408|UniProtKB=Q68EN5	0	0	1	0	0	5.69165333333333	0	0	0
EH37E0409739	HUMAN|HGNC=30388|UniProtKB=A5D8T8	0	0	0	0	0	0	0	0	0
EH37E0411421	HUMAN|HGNC=26617|UniProtKB=Q8NB16	0	6.26274	1	2.321322	0.116722	3.672815	0	0	0
EH37E0414400	HUMAN|HGNC=29834|UniProtKB=Q8WUS8	0	0	1	0.6331979	0.039258425	5.84139	0	0	0
EH37E0415253	HUMAN|HGNC=18459|UniProtKB=Q9NXF8	0	0	1	1.778955	0.0959753	2.901805	0	0	0
EH37E0420629	HUMAN|HGNC=24764|UniProtKB=Q2TAL5	0	0	0	1.215336	0.309848028571429	3.97383	0	0	0
EH37E0420942	HUMAN|HGNC=3354|UniProtKB=P13929	0	0	1	0	0	7.38322	0	0	0
EH37E0421094	HUMAN|HGNC=3354|UniProtKB=P13929	0	0	1	0.5526146	0.058040441225	7.38322	0	0	0
EH37E0425160	HUMAN|HGNC=32403|UniProtKB=Q8NAA5	0	0	1	0	0	8.22117	0	0	0
EH37E0428667	HUMAN|HGNC=31104|UniProtKB=Q92614	1	24.28342	1	0	0	4.734945	1	0	0
EH37E0433279	HUMAN|HGNC=28305|UniProtKB=Q8N816	0	0	0	0	0	0	0	0	0
EH37E0433305	HUMAN|HGNC=16928|UniProtKB=Q9BYR3	1	3.4434	0	0	0	0	0	0	0
EH37E0433390	HUMAN|HGNC=4812|UniProtKB=P54257	0	0	1	0.927641	0.0642857	5.27675	0	0	0
EH37E0433437	HUMAN|HGNC=18829|UniProtKB=Q6JEL2	0	0	1	0.6793199	0.0692965	3.312235	0	0	0
EH37E0433686	HUMAN|HGNC=18910|UniProtKB=Q9BYQ8	0	6.54454	0	0	0	4.66102	0	0	0
EH37E0434035	HUMAN|HGNC=18169|UniProtKB=Q96AY3	0	0	0	0.7086718	0.0301057	5.46086666666667	0	0	0
EH37E0434969	HUMAN|HGNC=7221|UniProtKB=Q13368	0	0	1	0	0	7.478325	0	0	0
EH37E0439878	HUMAN|HGNC=18585|UniProtKB=Q96DH6	0	0	1	0.5015901	0.03787085	4.93218	1	0	0
EH37E0448674	HUMAN|HGNC=23614|UniProtKB=Q9NSC7	1	0	0	1.338958	0.0383000166666667	0	0	0	0
EH37E0448701	HUMAN|HGNC=24674|UniProtKB=Q8TES7	0	0	1	0.9449873	0.04979685	8.273835	0	0	0
EH37E0449910	HUMAN|HGNC=44659|UniProtKB=Q96MC4	0	0	0	0.03231943	0.000103861	0	0	0	0
EH37E0451911	HUMAN|HGNC=28302|UniProtKB=Q96CN5	1	0	1	0	0	0	0	0	0
EH37E0459303	HUMAN|HGNC=7897|UniProtKB=O15118	0	0	1	0	0	6.51486	0	0	0
EH37E0470068	HUMAN|HGNC=8139|UniProtKB=O95948	0	0	1	0	0	4.68421	0	0	0
EH37E0478541	HUMAN|HGNC=28382|UniProtKB=Q8NEP9	1	7.24309	1	0.8668737	0.06963104	7.41534	0	0	0
EH37E0480695	HUMAN|HGNC=16268|UniProtKB=Q8IY17	0	0	1	0.3621357	0.017881	5.9084	0	0	0
EH37E0481176	HUMAN|HGNC=5346|UniProtKB=P32942	0	0	0	0	0	0	0	0	0
EH37E0481287	HUMAN|HGNC=13507|UniProtKB=Q96PQ6	0	3.52053	1	0	0	5.80499	0	0	0
EH37E0482021	HUMAN|HGNC=26996|UniProtKB=P0C7I6	0	0	1	0.9359615	0.1264165	6.15733	0	0	0
EH37E0483656	HUMAN|HGNC=23760|UniProtKB=Q9H6B9	0	0	0	1.00514	0.115811	0	0	0	0
EH37E0488756	HUMAN|HGNC=20964|UniProtKB=A6NIX2	0	0	1	1.56396	0.102506625	0	0	0	0
EH37E0488841	HUMAN|Ensembl=ENSG00000266953|UniProtKB=K7ESF4	0	0	0	0	0	0	0	0	0
EH37E0491631	HUMAN|HGNC=24450|UniProtKB=Q8WXF8	0	0	1	1.231783	0.1456415	5.8797	0	0	0
EH37E0491695	HUMAN|HGNC=12940|UniProtKB=Q12901	0	0	0	0.5118047	0.070278005	0	0	0	0
EH37E0492373	HUMAN|HGNC=18838|UniProtKB=Q8WUF5	0	0	1	0.5835151	0.0219492811111111	5.34008	0	0	0
EH37E0494178	HUMAN|HGNC=11459|UniProtKB=O00204	1	0	0	1.17045	0.320292	4.3794	0	0	0
EH37E0494735	HUMAN|HGNC=9470|UniProtKB=O14669	0	0	0	0	0	0	0	0	0
EH37E0494853	HUMAN|HGNC=6357|UniProtKB=P06870	0	0	0	0	0	0	0	0	0
EH37E0500533	HUMAN|HGNC=23927|UniProtKB=O14713	0	0	1	0.9676868	0.110699608	4.914635	0	0	0
EH37E0503470	HUMAN|HGNC=15625|UniProtKB=A2RRP1	0	0	1	1.163024	0.069992	4.69338	0	0	0
EH37E0504614	HUMAN|HGNC=32954|UniProtKB=Q5I0X7	0	0	1	0	0	3.445815	0	0	0
EH37E0508044	HUMAN|HGNC=1851|UniProtKB=P49450	0	0	1	1.308645	0.067591	5.08319	0	0	0
EH37E0509354	HUMAN|HGNC=26108|UniProtKB=Q8N3C7	0	0	0	1.037697	0.0346083	0	0	0	0
EH37E0510437	HUMAN|HGNC=24590|UniProtKB=Q9C005	0	0	1	0	0	2.4323	0	0	0
EH37E0511703	HUMAN|HGNC=9437|UniProtKB=P19525	0	0	1	0.9559578	0.0638601057142857	6.98197	0	0	0
EH37E0512139	HUMAN|HGNC=12697|UniProtKB=Q6UXI7	0	0	0	0.8067282	0.1228744	0	0	0	0
EH37E0514619	HUMAN|HGNC=30506|UniProtKB=Q8IVE3	0	0	1	0.9587062	0.043523375	6.06424	0	0	0
EH37E0515010	HUMAN|HGNC=23784|UniProtKB=Q9BTC8	0	0	1	0	0	4.23209	0	0	0
EH37E0520349	HUMAN|HGNC=29267|UniProtKB=Q5MIZ7	0	0	0	0	0	0	0	0	0
EH37E0524870	HUMAN|HGNC=28951|UniProtKB=P42331	0	0	0	0.880486	0.064259935	0	0	0	0
EH37E0525194	HUMAN|HGNC=33857|UniProtKB=Q5FWF7	0	0	1	1.080485	0.15754	3.258795	0	0	0
EH37E0526931	HUMAN|HGNC=11257|UniProtKB=P35270	0	0	1	0	0	7.018775	1	0	0
EH37E0529642	HUMAN|HGNC=12646|UniProtKB=O95183	0	0	0	0	0	0	0	0	0
EH37E0530372	HUMAN|HGNC=17264|UniProtKB=O95602	0	0	1	1.228167	0.18058945	5.512105	0	0	0
EH37E0531597	HUMAN|HGNC=10731|UniProtKB=Q9C0C4	0	0	1	1.18521	0.0460202	10.11836	0	0	0
EH37E0535409	HUMAN|HGNC=32416|UniProtKB=A6NKT7	0	0	0	0.5207057	0.101002	0	0	0	0
EH37E0543267	HUMAN|HGNC=23623|UniProtKB=Q8TDV2	1	5.37539	0	0	0	0	0	0	0
EH37E0543407	HUMAN|HGNC=4496|UniProtKB=O43194	0	0	1	0	0	7.854155	0	0	0
EH37E0543796	HUMAN|HGNC=4496|UniProtKB=O43194	0	0	1	1.287912	0.1065497	7.854155	0	0	0
EH37E0551332	HUMAN|HGNC=6729|UniProtKB=O60449	0	0	0	0	0	0	0	0	0
EH37E0558862	HUMAN|HGNC=29502|UniProtKB=Q0ZLH3	0	0	1	1.087419	0.104879	3.94123	0	0	0
EH37E0562192	HUMAN|HGNC=23075|UniProtKB=Q9H4B0	0	0	1	0.4313761	0.011668835	5.46646	0	0	0
EH37E0562496	HUMAN|HGNC=28191|UniProtKB=Q9BSF0	0	0	0	0	0	0	0	0	0
EH37E0564611	HUMAN|HGNC=33809|UniProtKB=Q6UXQ4	0	0	0	1.018363	0.22585	0	0	0	0
EH37E0568360	HUMAN|HGNC=29160|UniProtKB=Q9NYY8	0	0	1	0.1846278	0.00151099	6.84024	0	0	0
EH37E0569237	HUMAN|HGNC=26310|UniProtKB=A0AUZ9	0	0	1	1.127979	0.0415487	4.11741	0	0	0
EH37E0572339	HUMAN|HGNC=9387|UniProtKB=Q9UGI9	0	0	0	0	0	6.18881333333333	0	0	0
EH37E0577134	HUMAN|HGNC=9623|UniProtKB=P06454	0	0	0	0.7635387	0.0277668	6.90069	0	0	0
EH37E0577271	HUMAN|HGNC=16760|UniProtKB=Q9H9Q2	0	0	1	0.3210915	0.0150024	4.26871	0	0	0
EH37E0577966	HUMAN|HGNC=8788|UniProtKB=O43924	0	0	1	0.5476933	0.034306	4.608175	0	0	0
EH37E0583261	HUMAN|HGNC=15756|UniProtKB=Q9H190	0	0	0	0.3977864	0.00819172	0	0	0	0
EH37E0588575	HUMAN|HGNC=3762|UniProtKB=Q9NZU0	0	0	1	0	0	0	0	0	0
EH37E0592569	HUMAN|HGNC=29163|UniProtKB=Q9Y2I6	0	0	1	0.9878667	0.167741714285714	3.38623	0	0	0
EH37E0593349	HUMAN|HGNC=5360|UniProtKB=P41134	1	10.79049	1	1.954065	0.1627165	7.814975	0	0	0
EH37E0608923	HUMAN|HGNC=10409|UniProtKB=P63220	0	0	1	1.01902	0.06985535	3.86897	0	0	0
EH37E0609409	HUMAN|HGNC=15867|UniProtKB=Q9BYJ9	0	0	1	0	0	9.908385	0	0	0
EH37E0614223	HUMAN|HGNC=34216|UniProtKB=Q3LHN1	0	0	0	0	0	0	0	0	0
EH37E0615225	HUMAN|HGNC=11503|UniProtKB=O43426	0	3.11301	1	0	0	3.91257	0	0	0
EH37E0615246	HUMAN|HGNC=850|UniProtKB=P48047	0	0	0	0.8928554	0.0786856	4.69095	0	0	0
EH37E0615426	HUMAN|Ensembl=ENSG00000249209|UniProtKB=H7C0C1	0	0	0	0	0	0	0	0	0
EH37E0618536	HUMAN|HGNC=10822|UniProtKB=P55822	0	0	1	0.8913809	0.0257592	5.243115	0	0	0
EH37E0620216	HUMAN|HGNC=18785|UniProtKB=P56182	0	2.93577	1	0.8338731	0.03320235	4.221725	0	0	0
EH37E0620944	HUMAN|HGNC=18785|UniProtKB=P56182	0	0	1	1.478386	0.0608898333333333	4.221725	0	0	0
EH37E0621551	HUMAN|HGNC=16068|UniProtKB=O95613	0	0	1	0.5016124	0.023588345	6.69951	0	0	0
EH37E0623196	HUMAN|HGNC=1739|UniProtKB=O75419	0	0	1	0	0	4.48319	0	0	0
EH37E0623977	HUMAN|HGNC=24974|UniProtKB=Q8IZ69	0	0	1	0.2820631	0.00380626	4.39217	0	0	0
EH37E0627229	HUMAN|HGNC=2397|UniProtKB=P53674	0	3.60814	0	0.5654749	0.040675386	0	0	0	0
EH37E0628515	HUMAN|HGNC=18655|UniProtKB=Q9UDX4	0	3.11762	0	0	0	0	0	0	0
EH37E0629019	HUMAN|HGNC=20834|UniProtKB=Q86V35	0	0	0	0	0	0	0	0	0
EH37E0629510	HUMAN|HGNC=6614|UniProtKB=P53671	0	0	1	0	0	7.83565	0	0	0
EH37E0631332	HUMAN|HGNC=16517|UniProtKB=Q8IU80	0	0	0	1.132146	0.0899088	3.25192	0	0	0
EH37E0632176	HUMAN|HGNC=6009|UniProtKB=P14784	1	8.10915	0	0.3838995	0.00516111	2.98332	0	0	0
EH37E0632747	HUMAN|HGNC=1557|UniProtKB=O95931	0	0	1	0	0	8.167085	0	0	0
EH37E0632941	HUMAN|HGNC=6265|UniProtKB=P48050	0	0	0	0.3557564	0.0432099	4.922515	0	0	0
EH37E0635148	HUMAN|HGNC=13441|UniProtKB=Q8IWY4	0	0	0	1.190682	0.0841948	0	0	0	0
EH37E0638040	HUMAN|HGNC=21592|UniProtKB=Q7Z5A7	0	0	0	0.4868116	0.01501685	0	1	0	0
EH37E0641378	HUMAN|HGNC=38830|UniProtKB=A0A0A6YYG9	0	0	1	0	0	4.79839	0	0	0
EH37E0642154	HUMAN|HGNC=28988|UniProtKB=Q93075	0	9.41436	0	0.4022705	0.0434465	7.7658	0	0	0
EH37E0653345	HUMAN|HGNC=7189|UniProtKB=Q13875	0	0	0	0.5001564	0.0218234	0	1	0	0
EH37E0658101	HUMAN|HGNC=6888|UniProtKB=Q16644	0	0	0	0.4904218	0.0418992	5.9139	0	0	0
EH37E0661470	HUMAN|HGNC=18665|UniProtKB=Q96BQ1	0	0	0	0.4664271	0.027753	3.65483	0	0	0
EH37E0663415	HUMAN|HGNC=33706|UniProtKB=A6NMZ2	0	0	0	0	0	0	0	0	0
EH37E0702714	HUMAN|HGNC=3394|UniProtKB=P54753	0	0	1	0.5021354	0.0116472	4.62267	0	0	0
EH37E0706294	HUMAN|HGNC=20818|UniProtKB=Q8TF66	0	0	0	0.5371334	0.09147155	0	0	0	0
EH37E0707997	HUMAN|HGNC=23282|UniProtKB=Q8N307	0	0	0	0.8831759	0.10621505	5.521435	0	0	0
EH37E0710533	HUMAN|HGNC=283|UniProtKB=P18825	0	0	1	0.6083128	0.0683596666666667	4.196115	0	0	0
EH37E0710616	HUMAN|HGNC=283|UniProtKB=P18825	0	0	1	1.325715	0.243503	4.196115	0	0	0
EH37E0711957	HUMAN|HGNC=30781|UniProtKB=Q86TJ2	0	0	0	0.8614796	0.0794706	0	0	0	0
EH37E0718051	HUMAN|HGNC=25624|UniProtKB=Q8N5T2	0	0	0	0	0	3.57322	0	0	0
EH37E0720667	HUMAN|HGNC=12525|UniProtKB=O60701	0	0	1	0.6486457	0.0171654	3.93729	0	0	0
EH37E0726904	HUMAN|HGNC=29994|UniProtKB=Q6ZWK6	0	0	0	0	0	4.20843	0	0	0
EH37E0728532	HUMAN|HGNC=26801|UniProtKB=Q8N8Q8	0	0	1	0	0	4.28286	0	0	0
EH37E0738531	HUMAN|HGNC=25968|UniProtKB=Q9NXL2	0	0	0	0.890035	0.0314494	0	0	0	0
EH37E0739511	HUMAN|HGNC=28395|UniProtKB=Q8NHU3	0	0	1	0.495814	0.0312923	4.58446	0	0	0
EH37E0745122	HUMAN|HGNC=25319|UniProtKB=Q9H0C2	0	0	0	0	0	0	0	0	0
EH37E0753493	HUMAN|HGNC=17537|UniProtKB=Q9NY37	0	0	0	0	0	0	0	0	0
EH37E0762696	HUMAN|HGNC=26441|UniProtKB=Q96N87	0	0	0	0	0	0	0	0	0
EH37E0772974	HUMAN|HGNC=8507|UniProtKB=Q99650	0	7.5923	1	1.148731	0.1225812	5.21513	0	0	0
EH37E0778170	HUMAN|HGNC=6848|UniProtKB=Q13233	0	0	1	0.8442022	0.06490045	3.86579	0	0	0
EH37E0783967	HUMAN|HGNC=29682|UniProtKB=Q969S9	0	0	1	0.3930983	0.00715068	5.32142	0	0	0
EH37E0785752	HUMAN|HGNC=17512|UniProtKB=Q86YM7	0	0	1	0	0	2.30876	0	0	0
EH37E0803194	HUMAN|HGNC=9004|UniProtKB=P78337	0	0	1	0	0	9.00142	0	0	0
EH37E0809709	HUMAN|HGNC=30022|UniProtKB=Q86YN6	0	0	1	1.228655	0.09081865	0	0	0	0
EH37E0820358	HUMAN|HGNC=33936|UniProtKB=Q494X1	0	0	0	0.7771529	0.0880427	0	0	0	0
EH37E0826522	HUMAN|HGNC=4204|UniProtKB=Q8N0V5	0	0	0	1.461077	0.128005466666667	0	0	0	0
EH37E0833677	HUMAN|HGNC=4715|UniProtKB=Q02539	0	0	0	0	0	0	0	0	0
EH37E0835809	HUMAN|HGNC=2716|UniProtKB=O95865	0	0	0	0	0	0	0	0	0
EH37E0838887	HUMAN|HGNC=19267|UniProtKB=Q8NFP4	0	0	0	1.02357	0.1194742	5.077445	0	0	0
EH37E0839053	HUMAN|HGNC=2318|UniProtKB=Q9HCH3	0	0	1	1.672804	0.088564	0	0	0	0
EH37E0843545	HUMAN|HGNC=7015|UniProtKB=Q16819	0	0	0	0	0	0	0	0	0
EH37E0853883	HUMAN|HGNC=25229|UniProtKB=Q9NU23	0	0	1	0	0	6.430855	0	0	0
EH37E0867326	HUMAN|HGNC=21573|UniProtKB=Q6NT16	0	0	1	0	0	7.03875	0	0	0
EH37E0871817	HUMAN|HGNC=11429|UniProtKB=O75558	0	0	1	0.5499477	0.0563781	6.22871	0	0	0
EH37E0885818	HUMAN|HGNC=23097|UniProtKB=Q7RTT9	0	0	0	0	0	0	0	0	0
EH37E0904910	HUMAN|HGNC=9577|UniProtKB=P78330	0	0	1	1.430054	0.479343	3.61205	0	0	0
EH37E0905649	HUMAN|HGNC=19440|UniProtKB=Q9Y3A5	0	0	1	1.081812	0.05468334	0	0	0	0
EH37E0931467	HUMAN|HGNC=1097|UniProtKB=P15056	0	0	1	0	0	5.06551	0	0	0
EH37E0931551	HUMAN|HGNC=16634|UniProtKB=Q9Y291	0	2.93694	1	0.2747465	0.002470894	4.7777	0	0	0
EH37E0932083	HUMAN|HGNC=20651|UniProtKB=Q8NCC5	0	0	1	1.147858	0.15108985	4.66221	0	0	0
EH37E0932437	HUMAN|HGNC=3385|UniProtKB=P21709	0	0	1	0	0	5.78214	0	0	0
EH37E0944743	HUMAN|HGNC=10802|UniProtKB=P11686	0	0	1	0	0	3.38623	0	0	0
EH37E0948955	HUMAN|HGNC=11738|UniProtKB=Q9BXT5	0	0	0	0	0	4.91993	0	0	0
EH37E0952184	HUMAN|HGNC=9174|UniProtKB=P06746	0	0	1	0.9430868	0.109931	3.5379	0	0	0
EH37E0958627	HUMAN|HGNC=24138|UniProtKB=Q9UF47	0	0	0	0.5494112	0.0993862	0	1	0	0
EH37E0976829	HUMAN|HGNC=26091|UniProtKB=Q53H54	0	0	1	1.220822	0.10074398	5.582895	0	0	0
EH37E0977620	HUMAN|HGNC=7704|UniProtKB=Q9Y6M9	0	2.91298	1	0	0	4.128265	0	0	0
EH37E0984984	HUMAN|HGNC=30377|UniProtKB=Q14160	0	0	0	0.4966008	0.014402435	5.68889	0	0	0
EH37E0985774	HUMAN|HGNC=19191|UniProtKB=Q8NF50	0	0	1	1.716616	0.0645188	3.43564	1	1	0
EH37E0993912	HUMAN|HGNC=21714|UniProtKB=Q9P0W0	0	0	0	0	0	0	0	0	0
EH37E1003721	HUMAN|HGNC=12508|UniProtKB=Q9UMX0	0	0	1	0.879796	0.0338769166666667	2.95641	0	0	0
EH37E1009126	HUMAN|HGNC=1719|UniProtKB=O60729	0	0	1	0.8827009	0.0683398	3.54475666666667	0	0	0
EH37E1010358	HUMAN|HGNC=30967|UniProtKB=Q9BU70	0	0	1	1.249522	0.15632	4.63363	0	0	0
EH37E1016033	HUMAN|HGNC=23397|UniProtKB=Q5T1M5	0	0	1	0.4816626	0.0294909	4.87088	0	0	0
EH37E1016655	HUMAN|HGNC=8498|UniProtKB=P02763	0	0	0	0	0	0	0	0	0
EH37E1016677	HUMAN|HGNC=16361|UniProtKB=Q9P202	0	0	1	0.865854	0.03832975	5.008375	0	0	0
EH37E1018628	HUMAN|HGNC=13608|UniProtKB=Q9UKT8	0	0	1	0.7934117	0.0874792	3.39712	0	0	0
EH37E1022928	HUMAN|HGNC=6526|UniProtKB=P80188	0	0	0	1.088165	0.106757216666667	0	0	0	0
EH37E1025545	HUMAN|HGNC=33776|UniProtKB=Q6ZQR2	0	0	0	0	0	6.21935	0	0	0
EH37E1025584	HUMAN|HGNC=23381|UniProtKB=Q9NPH6	0	0	0	0	0	6.03057	0	0	0
EH37E1025976	HUMAN|HGNC=10477|UniProtKB=P19793	0	0	0	0	0	0	0	0	0
EH37E1027724	HUMAN|HGNC=25420|UniProtKB=Q9H0X6	0	0	1	0	0	6.27376	0	0	0
EH37E1033274	HUMAN|HGNC=11122|UniProtKB=Q9UHP9	0	0	0	0	0	0	0	0	0
EH37E1035993	HUMAN|HGNC=9469|UniProtKB=O14668	0	0	1	0.6529229	0.0185373	0	0	0	0
EH37E1036978	HUMAN|HGNC=20893|UniProtKB=Q6W2J9	0	0	1	0.7542498	0.0261282	8.62408	0	0	0
EH37E1041984	HUMAN|HGNC=11733|UniProtKB=Q8IYF3	0	0	0	0.2843357	0.00961827	0	0	0	0
EH37E1050718	HUMAN|HGNC=27334|UniProtKB=Q5JSJ4	0	0	1	0.8626815	0.0207048	5.66939	0	0	0
12808	HUMAN|HGNC=3495|UniProtKB=P41212	0	0	1	1.3289	0.0827829	4.563795	1	1	1
25114	HUMAN|HGNC=18505|UniProtKB=Q68DV7	1	10.46812	1	0.8328573	0.0285878	6.70131	1	1	1
27256	HUMAN|HGNC=6773|UniProtKB=O15105	1	7.90272	1	0.8074764	0.0471933	7.287415	1	1	1
53836	HUMAN|HGNC=10472|UniProtKB=Q13950	1	12.01577	0	0	0	0	1	1	1
58797	HUMAN|HGNC=7553|UniProtKB=P01106	1	8.76143	1	1.227431	0.120332	5.31491	0	0	1
58806	HUMAN|HGNC=7553|UniProtKB=P01106	1	9.11971	1	0.8552808	0.040419	5.31491	0	0	1
58831	HUMAN|HGNC=24166|UniProtKB=Q96KN1	0	6.29218	1	0.822324	0.021975785	3.9381	0	0	1
58831	HUMAN|HGNC=7553|UniProtKB=P01106	0	6.29218	1	0.7900445	0.0659933	5.31491	0	0	1
58832	HUMAN|HGNC=24166|UniProtKB=Q96KN1	0	4.93784	1	0	0	3.9381	0	0	1
58832	HUMAN|HGNC=7553|UniProtKB=P01106	0	4.93784	1	0	0	5.31491	0	0	1
65512	HUMAN|HGNC=11641|UniProtKB=Q9NQB0	0	0	1	1.108401	0.04961305	5.5266	1	1	1
71632	HUMAN|HGNC=11026|UniProtKB=P08195	1	8.30561	1	1.375447	0.339459	8.90343	1	0	1
EH37E0194424	HUMAN|HGNC=11641|UniProtKB=Q9NQB0	0	0	1	1.388135	0.0672902	5.5266	1	1	1
EH37E0222066	HUMAN|HGNC=11026|UniProtKB=P08195	1	8.30561	1	0	0	8.90343	1	0	1
EH37E0222067	HUMAN|HGNC=11026|UniProtKB=P08195	1	8.30561	1	0	0	8.90343	1	0	1
EH37E0222068	HUMAN|HGNC=11026|UniProtKB=P08195	1	8.30561	1	1.375447	0.339459	8.90343	1	0	1
EH37E0239233	HUMAN|HGNC=26978|UniProtKB=A8K830	0	0	0	3.393216	0.340986	0	0	0	1
EH37E0239233	HUMAN|HGNC=30527|UniProtKB=Q8IXP5	0	0	0	2.214102	0.149657	0	1	0	1
EH37E0239233	HUMAN|HGNC=33789|UniProtKB=Q6ZS62	0	0	0	0	0	0	0	0	1
EH37E0239234	HUMAN|HGNC=26978|UniProtKB=A8K830	0	0	0	4.624859	0.36028315	0	0	0	1
EH37E0239234	HUMAN|HGNC=30527|UniProtKB=Q8IXP5	0	0	0	3.418805	0.21151225	0	1	0	1
EH37E0239234	HUMAN|HGNC=33789|UniProtKB=Q6ZS62	0	0	0	0	0	0	0	0	1
EH37E0254775	HUMAN|HGNC=3495|UniProtKB=P41212	0	0	1	1.489296	0.0979752666666667	4.563795	1	1	1
EH37E0284634	HUMAN|HGNC=25645|UniProtKB=Q8N682	0	4.60467	1	1.493813	0.0739327033333333	5.39653	1	0	1
EH37E0440332	HUMAN|HGNC=18505|UniProtKB=Q68DV7	1	9.15108	1	0	0	6.70131	1	1	1
EH37E0440333	HUMAN|HGNC=18505|UniProtKB=Q68DV7	1	10.46812	1	0.8328573	0.0285878	6.70131	1	1	1
EH37E0440334	HUMAN|HGNC=18505|UniProtKB=Q68DV7	1	9.27136	1	1.279014	0.0868185	6.70131	1	1	1
EH37E0467415	HUMAN|HGNC=6773|UniProtKB=O15105	1	7.90272	1	0.6619158	0.0355222512	7.287415	1	1	1
EH37E0652188	HUMAN|HGNC=7127|UniProtKB=P40692	0	0	1	0.580331	0.0458797	3.401785	0	0	1
EH37E0797418	HUMAN|HGNC=17260|UniProtKB=O95379	1	4.6645	1	1.31219	0.112146675	3.50649	1	1	1
EH37E0797419	HUMAN|HGNC=17260|UniProtKB=O95379	1	7.48518	1	0	0	3.50649	1	1	1
EH37E0843017	HUMAN|HGNC=10472|UniProtKB=Q13950	1	12.01577	0	0	0	0	1	1	1
EH37E0978690	HUMAN|HGNC=7553|UniProtKB=P01106	1	8.76143	1	0	0	5.31491	0	0	1
EH37E0978696	HUMAN|HGNC=7553|UniProtKB=P01106	1	12.76243	1	1.046586	0.08759545	5.31491	0	0	1
EH37E0978711	HUMAN|HGNC=7553|UniProtKB=P01106	1	9.11971	1	0.7827417	0.0617268	5.31491	0	0	1
EH37E0978726	HUMAN|HGNC=7553|UniProtKB=P01106	1	6.0698	1	1.237552	0.123179908333333	5.31491	0	0	1
EH37E0978793	HUMAN|HGNC=24166|UniProtKB=Q96KN1	0	4.93784	1	1.056648	0.0539869283333333	3.9381	0	0	1
EH37E0978793	HUMAN|HGNC=7553|UniProtKB=P01106	0	4.93784	1	1.221524	0.103283433333333	5.31491	0	0	1
EH37E0978794	HUMAN|HGNC=24166|UniProtKB=Q96KN1	0	6.29218	1	0.9751484	0.04249112	3.9381	0	0	1
EH37E0978794	HUMAN|HGNC=7553|UniProtKB=P01106	0	6.29218	1	0.7741126	0.0431453	5.31491	0	0	1
EH37E0978795	HUMAN|HGNC=24166|UniProtKB=Q96KN1	0	6.29218	1	1.640616	0.25189005	3.9381	0	0	1
EH37E0978795	HUMAN|HGNC=7553|UniProtKB=P01106	0	6.29218	1	1.166266	0.15415315	5.31491	0	0	1
EH37E0978969	HUMAN|HGNC=7553|UniProtKB=P01106	1	7.97743	1	0.9160265	0.1032602	5.31491	1	0	1
