truelink	H3K4me1	eQTL_Zscore	coeff_abs	H3K27ac_promoter	p300	gene	H3K27ac_enhancer	H3K4me3	nearest	intronic_target	H3K27ac_H3K4me1	H3K27ac_H3K4me3	H3K27ac_promoterH3K27ac	H3K4me1_H3K4me3	H3K4me1_promoterH3K27ac	eQTL_eQTL_coeff_abs	H3K27ac_H3K4me1_H3K4me3	H3K27ac_promoterH3K27ac_H3K4me1
0	-0.475395468181373	0.0758879276986847	-0.190035051982146	-0.533345648899246	-0.156212760990094	HUMAN|HGNC=6442|UniProtKB=P13647	0	0	0	0	0	0	0	0	0.253550104460955	-0.0144213662850369	0	0
0	-0.475395468181373	0.801966313828365	0.188657497557066	0.497630622639373	-0.156212760990094	HUMAN|HGNC=25340|UniProtKB=Q86V97	0	1	0	0	0	0	0	-0.475395468181373	-0.236571342831033	0.151296957891924	0	0
0	1.94537117297456	-0.876384558350456	-0.589035784332408	-0.533345648899246	-0.156212760990094	HUMAN|HGNC=19038|UniProtKB=Q86TW2	1	1	0	0	1.94537117297456	1	-0.533345648899246	1.94537117297456	-1.03755525060001	0.516221865704771	1.94537117297456	-1.03755525060001
0	-0.475395468181373	0.295438124650059	-0.078507857869073	0.803368115715202	-0.156212760990094	HUMAN|HGNC=24618|UniProtKB=Q8WYP5	0	1	0	0	0	0	0	-0.475395468181373	-0.381917561492416	-0.0231942142991323	0	0
0	-0.475395468181373	-0.876384558350456	-0.589035784332408	-0.533345648899246	-0.156212760990094	HUMAN|HGNC=2685|UniProtKB=Q92904	0	0	0	0	0	0	0	0	0.253550104460955	0.516221865704771	0	0
0	-0.475395468181373	1.56945119779326	5.24325531271269	-0.533345648899246	-0.156212760990094	HUMAN|HGNC=6741|UniProtKB=Q9NQ48	0	0	1	1	0	0	0	0	0.253550104460955	8.22903333087279	0	0
0	-0.475395468181373	-0.33373935294837	-0.141842877570208	-0.533345648899246	-0.156212760990094	HUMAN|HGNC=2303|UniProtKB=P16870	0	0	1	1	0	0	0	0	0.253550104460955	0.047338550180616	0	0
0	-0.475395468181373	-0.876384558350456	-0.589035784332408	-0.533345648899246	-0.156212760990094	HUMAN|HGNC=6322|UniProtKB=Q2VIQ3	0	0	0	0	0	0	0	0	0.253550104460955	0.516221865704771	0	0
0	-0.475395468181373	-0.876384558350456	-0.589035784332408	-0.533345648899246	-0.156212760990094	HUMAN|HGNC=24092|UniProtKB=Q9H213	0	0	0	0	0	0	0	0	0.253550104460955	0.516221865704771	0	0
0	-0.475395468181373	2.26128723704909	1.73222018829428	-0.533345648899246	-0.156212760990094	HUMAN|HGNC=16815|UniProtKB=Q8TCT1	0	0	0	0	0	0	0	0	0.253550104460955	3.91704740354862	0	0
0	3.45259381542787	-0.876384558350456	-0.589035784332408	-0.533345648899246	-0.156212760990094	HUMAN|HGNC=18818|UniProtKB=Q8NF99	0	1	0	0	0	0	0	3.45259381542787	-1.8414258888749	0.516221865704771	0	0
0	-0.475395468181373	-0.876384558350456	-0.589035784332408	-0.533345648899246	-0.156212760990094	HUMAN|HGNC=30555|UniProtKB=Q96D03	0	0	0	0	0	0	0	0	0.253550104460955	0.516221865704771	0	0
0	-0.475395468181373	1.27954832436862	0.727603350808284	-0.533345648899246	-0.156212760990094	HUMAN|HGNC=4629|UniProtKB=O15217	0	1	0	0	0	0	0	-0.475395468181373	0.253550104460955	0.931003648331731	0	0
0	-0.475395468181373	0.63839205107212	0.0981008125387634	-0.166448433899899	-0.156212760990094	HUMAN|HGNC=12644|UniProtKB=Q15836	0	1	0	0	0	0	0	-0.475395468181373	0.0791288311618991	0.0626267789284627	0	0
0	-0.475395468181373	-0.282407451680079	-0.512429342535772	-0.533345648899246	-0.156212760990094	HUMAN|HGNC=17447|UniProtKB=O94985	0	0	0	0	0	0	0	0	0.253550104460955	0.144713864791626	0	0
0	-0.475395468181373	-0.876384558350456	-0.589035784332408	-0.533345648899246	-0.156212760990094	HUMAN|HGNC=49506|UniProtKB=A6NCW3	0	0	0	0	0	0	0	0	0.253550104460955	0.516221865704771	0	0
0	-0.475395468181373	0.899715520279682	1.40852432106873	-0.533345648899246	-0.156212760990094	HUMAN|HGNC=16638|UniProtKB=Q8IYB3	0	0	0	0	0	0	0	0	0.253550104460955	1.26727119235694	0	0
0	0.914652949143796	0.309994600587518	-0.31142373206246	2.86123913669937	-0.156212760990094	HUMAN|HGNC=11110|UniProtKB=O14497	0	1	0	0	0	0	0	0.914652949143796	2.61704081458773	-0.0965396754341767	0	0
0	-0.475395468181373	-0.876384558350456	-0.589035784332408	-0.533345648899246	-0.156212760990094	HUMAN|HGNC=3557|UniProtKB=P05413	0	0	0	0	0	0	0	0	0.253550104460955	0.516221865704771	0	0
0	1.54616645108187	1.24103314849578	0.510915846971483	-0.533345648899246	-0.156212760990094	HUMAN|HGNC=6399|UniProtKB=O60684	0	1	0	0	0	0	0	1.54616645108187	-0.824641149158506	0.634063502183407	0	0
0	-0.475395468181373	-0.876384558350456	-0.589035784332408	0.177128834557296	-0.156212760990094	HUMAN|HGNC=28792|UniProtKB=Q9Y546	0	1	0	0	0	0	0	-0.475395468181373	-0.0842062452327867	0.516221865704771	0	0
0	-0.475395468181373	-0.876384558350456	-0.589035784332408	-0.533345648899246	-0.156212760990094	HUMAN|HGNC=9600|UniProtKB=P43088	0	0	0	0	0	0	0	0	0.253550104460955	0.516221865704771	0	0
0	-0.475395468181373	1.71981390557203	0.589582371263466	-0.206799966285478	-0.156212760990094	HUMAN|HGNC=6644|UniProtKB=P61968	0	1	1	0	0	0	0	-0.475395468181373	0.0983117667921771	1.01397196057904	0	0
0	1.25273194454423	-0.876384558350456	-0.589035784332408	-0.533345648899246	-0.156212760990094	HUMAN|HGNC=24013|UniProtKB=Q5QJE6	0	1	0	0	0	0	0	1.25273194454423	-0.668139131859756	0.516221865704771	0	0
0	-0.475395468181373	-0.876384558350456	-0.589035784332408	-0.533345648899246	-0.156212760990094	HUMAN|HGNC=25403|UniProtKB=Q6UVJ0	0	1	0	0	0	0	0	-0.475395468181373	0.253550104460955	0.516221865704771	0	0
0	-0.475395468181373	-0.115507379732334	-0.283441465115233	-0.533345648899246	-0.156212760990094	HUMAN|HGNC=468|UniProtKB=P23109	0	0	0	0	0	0	0	0	0.253550104460955	0.0327395809429544	0	0
0	-0.475395468181373	1.14840592263255	1.44485120548252	-0.533345648899246	-0.156212760990094	HUMAN|HGNC=5217|UniProtKB=P14060	0	0	0	0	0	0	0	0	0.253550104460955	1.6592756816989	0	0
0	-0.475395468181373	-0.876384558350456	-0.589035784332408	-0.533345648899246	-0.156212760990094	HUMAN|HGNC=30778|UniProtKB=Q8WXI9	0	0	0	0	0	0	0	0	0.253550104460955	0.516221865704771	0	0
0	-0.475395468181373	0.495735295454084	0.540968833275074	-0.533345648899246	-0.156212760990094	HUMAN|HGNC=17601|UniProtKB=Q8N126	0	0	0	0	0	0	0	0	0.253550104460955	0.26817734439507	0	0
0	-0.475395468181373	0.503291042351402	-0.123865811667191	-0.533345648899246	-0.156212760990094	HUMAN|HGNC=10645|UniProtKB=P47992	0	0	0	0	0	0	0	0	0.253550104460955	-0.0623405534656828	0	0
0	-0.475395468181373	1.22695518749277	1.22733155996802	-0.533345648899246	-0.156212760990094	HUMAN|HGNC=24663|UniProtKB=Q5R372	0	0	0	0	0	0	0	0	0.253550104460955	1.50588082427636	0	0
0	-0.475395468181373	1.05446214016103	0.398122726921832	0.104851880825925	-0.156212760990094	HUMAN|HGNC=23017|UniProtKB=O75063	0	1	1	0	0	0	0	-0.475395468181373	-0.049846108974938	0.419805342676739	0	0
0	-0.475395468181373	1.7430517100616	0.114941738359414	1.00757973965673	-0.156212760990094	HUMAN|HGNC=6492|UniProtKB=P11047	0	1	0	0	0	0	0	-0.475395468181373	-0.478998842064178	0.200349393604829	0	0
0	-0.475395468181373	0.635944058660023	0.1281050465627	-0.100154258158461	-0.156212760990094	HUMAN|HGNC=16782|UniProtKB=Q7Z2T5	0	1	0	0	0	0	0	-0.475395468181373	0.0476128804475998	0.0814676432459147	0	0
0	-0.475395468181373	-0.876384558350456	-0.589035784332408	-0.533345648899246	-0.156212760990094	HUMAN|HGNC=18265|UniProtKB=Q96LB4	0	0	0	0	0	0	0	0	0.253550104460955	0.516221865704771	0	0
0	-0.475395468181373	-0.876384558350456	-0.589035784332408	-0.533345648899246	-0.156212760990094	HUMAN|HGNC=27139|UniProtKB=Q96DD7	0	0	0	0	0	0	0	0	0.253550104460955	0.516221865704771	0	0
0	-0.475395468181373	-0.876384558350456	-0.589035784332408	-0.533345648899246	-0.156212760990094	HUMAN|HGNC=14469|UniProtKB=Q7LBE3	0	0	0	0	0	0	0	0	0.253550104460955	0.516221865704771	0	0
0	-0.475395468181373	-0.599621399943467	-0.566455038734713	1.97065752623276	-0.156212760990094	HUMAN|HGNC=27146|UniProtKB=Q5TA31	0	1	0	0	0	0	0	-0.475395468181373	-0.936841657308571	0.33965856333114	0	0
0	-0.475395468181373	-0.876384558350456	-0.589035784332408	-0.533345648899246	-0.156212760990094	HUMAN|HGNC=30954|UniProtKB=Q8IW36	0	0	0	0	0	0	0	0	0.253550104460955	0.516221865704771	0	0
0	-0.475395468181373	-0.876384558350456	-0.589035784332408	-0.533345648899246	-0.156212760990094	HUMAN|HGNC=25625|UniProtKB=Q9NV23	0	0	0	0	0	0	0	0	0.253550104460955	0.516221865704771	0	0
0	-0.475395468181373	-0.361647740652546	-0.497451640202982	-0.533345648899246	-0.156212760990094	HUMAN|HGNC=25625|UniProtKB=Q9NV23	0	0	0	0	0	0	0	0	0.253550104460955	0.179902261763311	0	0
0	-0.475395468181373	-0.876384558350456	-0.589035784332408	0.113038175870333	-0.156212760990094	HUMAN|HGNC=28716|UniProtKB=Q8IYJ2	0	1	0	0	0	0	0	-0.475395468181373	-0.0537378365402456	0.516221865704771	0	0
0	-0.475395468181373	-0.876384558350456	-0.589035784332408	-0.533345648899246	-0.156212760990094	HUMAN|HGNC=8604|UniProtKB=O95340	0	0	0	0	0	0	0	0	0.253550104460955	0.516221865704771	0	0
0	-0.475395468181373	-0.876384558350456	-0.589035784332408	-0.533345648899246	-0.156212760990094	HUMAN|HGNC=19061|UniProtKB=Q5NUL3	0	0	0	0	0	0	0	0	0.253550104460955	0.516221865704771	0	0
0	0.914430546079193	0.421371486691528	0.103407103150728	1.05170854004706	-0.156212760990094	HUMAN|HGNC=8888|UniProtKB=P18669	0	1	0	0	0	0	0	0.914430546079193	0.961714414591383	0.0435728047890864	0	0
0	-0.475395468181373	0.104154810319704	-0.30887088541877	-0.177239489381631	-0.156212760990094	HUMAN|HGNC=29370|UniProtKB=Q8IWB1	0	0	0	0	0	0	0	0	0.084258850034808	-0.0321703884840708	0	0
0	-0.475395468181373	1.14838835259578	1.40372617180636	-0.533345648899246	-0.156212760990094	HUMAN|HGNC=29152|UniProtKB=Q7L804	0	1	0	0	0	0	0	-0.475395468181373	0.253550104460955	1.61202278593629	0	0
0	-0.475395468181373	-0.876384558350456	-0.589035784332408	-0.533345648899246	-0.156212760990094	HUMAN|HGNC=3689|UniProtKB=P21802	0	0	0	0	0	0	0	0	0.253550104460955	0.516221865704771	0	0
0	-0.475395468181373	0.525794256342238	-0.126220052186125	0.0178252469135088	-0.156212760990094	HUMAN|HGNC=24733|UniProtKB=A2VDF0	0	1	0	0	0	0	0	-0.475395468181373	-0.00847404160189609	-0.0663657784746821	0	0
0	0.502733209939304	0.904570225118267	0.477895330602008	-0.0813788579442173	-0.156212760990094	HUMAN|HGNC=15463|UniProtKB=Q9BVG9	0	1	0	0	0	0	0	0.502733209939304	-0.040911854475491	0.432289886785627	0	0
0	-0.475395468181373	-0.876384558350456	-0.589035784332408	2.18239644946409	-0.156212760990094	HUMAN|HGNC=16491|UniProtKB=Q9HB75	0	1	0	0	0	0	0	-0.475395468181373	-1.03750138185035	0.516221865704771	0	0
0	-0.475395468181373	-0.876384558350456	-0.589035784332408	0.276175497888971	-0.156212760990094	HUMAN|HGNC=28561|UniProtKB=Q8IXW0	0	1	0	0	0	0	0	-0.475395468181373	-0.131292580119151	0.516221865704771	0	0
0	-0.475395468181373	0.177039446819487	-0.398064818967856	-0.533345648899246	-0.156212760990094	HUMAN|HGNC=9852|UniProtKB=O95373	0	0	0	0	0	0	0	0	0.253550104460955	-0.0704731753483684	0	0
0	0.457199108818108	0.0360841027957007	-0.41292250976006	-0.533345648899246	-0.156212760990094	HUMAN|HGNC=14652|UniProtKB=Q9NVD7	0	0	0	0	0	0	0	0	-0.243845155368751	-0.0148999382888407	0	0
0	-0.475395468181373	-0.876384558350456	-0.589035784332408	1.33737389932699	-0.156212760990094	HUMAN|HGNC=26317|UniProtKB=Q96LU5	0	1	0	0	0	0	0	-0.475395468181373	-0.635781491004104	0.516221865704771	0	0
0	-0.475395468181373	0.550539646083211	-0.320734839386066	0.0455595349772131	-0.156212760990094	HUMAN|HGNC=26296|UniProtKB=Q5U5Z8	0	0	0	0	0	0	0	0	-0.0216587964606179	-0.17657724496216	0	0
0	3.59155183546258	-0.876384558350456	-0.589035784332408	-0.533345648899246	-0.156212760990094	HUMAN|HGNC=15260|UniProtKB=Q8NGP9	1	0	0	0	3.59155183546258	0	-0.533345648899246	0	-1.91553854424007	0.516221865704771	0	-1.91553854424007
0	2.99909933492333	1.52675732894815	1.12378788427957	-0.533345648899246	2.00545240027858	HUMAN|HGNC=339|UniProtKB=P35414	1	0	0	0	2.99909933492333	0	-0.533345648899246	0	-1.59955658089798	1.71575138850697	0	-1.59955658089798
0	-0.475395468181373	0.73606212600914	0.947298208707526	-0.533345648899246	-0.156212760990094	HUMAN|HGNC=11514|UniProtKB=O43581	0	0	0	0	0	0	0	0	0.253550104460955	0.697270333465911	0	0
0	-0.475395468181373	-0.876384558350456	-0.589035784332408	-0.533345648899246	-0.156212760990094	HUMAN|HGNC=18057|UniProtKB=Q63ZE4	0	0	0	0	0	0	0	0	0.253550104460955	0.516221865704771	0	0
0	-0.475395468181373	-0.876384558350456	-0.589035784332408	0.0327449905150977	-0.156212760990094	HUMAN|HGNC=2253|UniProtKB=Q9BR76	0	1	0	0	0	0	0	-0.475395468181373	-0.0155668200965195	0.516221865704771	0	0
0	-0.475395468181373	-0.876384558350456	-0.589035784332408	0.470321493127029	-0.156212760990094	HUMAN|HGNC=1174|UniProtKB=Q96F05	0	1	0	0	0	0	0	-0.475395468181373	-0.223588706420887	0.516221865704771	0	0
0	-0.475395468181373	0.678871823205366	0.598785568402858	-0.533345648899246	-0.156212760990094	HUMAN|HGNC=24168|UniProtKB=Q6WN34	0	0	0	0	0	0	0	0	0.253550104460955	0.406498650530709	0	0
0	-0.475395468181373	-0.876384558350456	-0.589035784332408	0.447339016185021	-0.156212760990094	HUMAN|HGNC=37216|UniProtKB=A6NK58	0	1	0	0	0	0	0	-0.475395468181373	-0.212662941035073	0.516221865704771	0	0
0	-0.475395468181373	-0.343895514687984	-0.126161986229858	-0.533345648899246	-0.156212760990094	HUMAN|HGNC=28804|UniProtKB=Q8WTR4	0	1	0	0	0	0	0	-0.475395468181373	0.253550104460955	0.0433865411885753	0	0
0	-0.475395468181373	-0.876384558350456	-0.589035784332408	-0.533345648899246	-0.156212760990094	HUMAN|HGNC=37217|UniProtKB=C9J1S8	0	0	0	0	0	0	0	0	0.253550104460955	0.516221865704771	0	0
0	-0.475395468181373	0.670569528417995	-0.152267772152307	-0.533345648899246	-0.156212760990094	HUMAN|HGNC=1163|UniProtKB=Q9H5F2	0	1	0	0	0	0	0	-0.475395468181373	0.253550104460955	-0.102106128165431	0	0
0	-0.475395468181373	1.06294983325619	-0.134014764492514	-0.533345648899246	-0.156212760990094	HUMAN|HGNC=7861|UniProtKB=P40261	0	0	0	0	0	0	0	0	0.253550104460955	-0.142450971571185	0	0
0	-0.475395468181373	-0.876384558350456	-0.589035784332408	-0.533345648899246	-0.156212760990094	HUMAN|HGNC=5298|UniProtKB=O95264	0	0	0	0	0	0	0	0	0.253550104460955	0.516221865704771	0	0
0	-0.475395468181373	-0.876384558350456	-0.589035784332408	0.481968844503611	-0.156212760990094	HUMAN|HGNC=12425|UniProtKB=O75386	0	1	0	0	0	0	0	-0.475395468181373	-0.22912580448163	0.516221865704771	0	0
0	-0.475395468181373	-0.876384558350456	-0.589035784332408	0.0273929750947228	-0.156212760990094	HUMAN|HGNC=9024|UniProtKB=Q99959	0	1	0	0	0	0	0	-0.475395468181373	-0.0130224962200364	0.516221865704771	0	0
0	-0.475395468181373	1.08102043455888	2.14164787065872	-0.533345648899246	-0.156212760990094	HUMAN|HGNC=23498|UniProtKB=Q86YQ8	0	0	0	0	0	0	0	0	0.253550104460955	2.31516511181159	0	0
0	1.35664685012351	-0.876384558350456	-0.589035784332408	-0.533345648899246	-0.156212760990094	HUMAN|HGNC=24241|UniProtKB=Q6P1Q0	0	0	0	0	0	0	0	0	-0.723561694606244	0.516221865704771	0	0
0	-0.475395468181373	-0.173196473883141	-0.455590967385293	-0.0643990882992371	-0.156212760990094	HUMAN|HGNC=18583|UniProtKB=Q9ULR3	0	1	0	0	0	0	0	-0.475395468181373	0.0306150347324694	0.0789067490841416	0	0
0	-0.475395468181373	-0.320644213900158	-0.024078951963443	3.4217987290846	-0.156212760990094	HUMAN|HGNC=20854|UniProtKB=Q9H0W7	0	1	0	0	0	0	0	-0.475395468181373	-1.6267076088356	0.00772077662385784	0	0
0	-0.475395468181373	0.768903787754134	0.643082699022692	-0.533345648899246	-0.156212760990094	HUMAN|HGNC=9106|UniProtKB=O60486	0	0	0	0	0	0	0	0	0.253550104460955	0.4944687231177	0	0
0	-0.475395468181373	1.40334926957108	1.71708193102312	-0.533345648899246	-0.156212760990094	HUMAN|HGNC=17852|UniProtKB=Q8WUD6	0	1	0	0	0	0	0	-0.475395468181373	0.253550104460955	2.409665673695	0	0
0	-0.475395468181373	1.14871250810361	0.599885866888325	-0.23530751146447	-0.156212760990094	HUMAN|HGNC=30579|UniProtKB=Q8WYL5	0	1	0	0	0	0	0	-0.475395468181373	0.111864124579246	0.689096398729195	0	0
0	-0.475395468181373	-0.876384558350456	-0.589035784332408	-0.533345648899246	-0.156212760990094	HUMAN|HGNC=4273|UniProtKB=Q14161	0	1	0	0	0	0	0	-0.475395468181373	0.253550104460955	0.516221865704771	0	0
0	1.16712432280904	-0.876384558350456	-0.589035784332408	-0.174600849122247	-0.156212760990094	HUMAN|HGNC=2769|UniProtKB=O43583	0	1	0	0	0	0	0	1.16712432280904	-0.203780897793686	0.516221865704771	0	0
0	-0.475395468181373	-0.876384558350456	-0.589035784332408	-0.533345648899246	-0.156212760990094	HUMAN|HGNC=4039|UniProtKB=Q9ULW2	0	0	0	0	0	0	0	0	0.253550104460955	0.516221865704771	0	0
0	-0.475395468181373	0.661944468708078	0.192290987616956	-0.533345648899246	-0.156212760990094	HUMAN|HGNC=20749|UniProtKB=Q5W0Z9	0	0	0	0	0	0	0	0	0.253550104460955	0.127285955635458	0	0
0	-0.475395468181373	0.233899426118712	1.04269723477792	-0.533345648899246	-0.156212760990094	HUMAN|HGNC=18514|UniProtKB=Q8N0X7	0	0	0	0	0	0	0	0	0.253550104460955	0.243886284830124	0	0
0	-0.475395468181373	1.26094787322966	0.340171720693404	0.162870079641026	-0.156212760990094	HUMAN|HGNC=17903|UniProtKB=Q9NPJ6	0	1	0	0	0	0	0	-0.475395468181373	-0.0774276977636832	0.42893880774122	0	0
0	1.57060737733921	-0.876384558350456	-0.589035784332408	-0.533345648899246	-0.156212760990094	HUMAN|HGNC=20370|UniProtKB=Q8N6K0	0	0	0	0	0	0	0	0	-0.837676610832926	0.516221865704771	0	0
0	0.615193075369098	0.788690121158682	0.289610558037355	-0.533345648899246	-0.156212760990094	HUMAN|HGNC=20163|UniProtKB=Q9H6D7	0	0	0	0	0	0	0	0	-0.328110549981054	0.228412986107315	0	0
0	-0.475395468181373	0.332510103355951	-0.336496663364576	1.79856530222608	-0.156212760990094	HUMAN|HGNC=7732|UniProtKB=Q15843	0	1	0	0	0	0	0	-0.475395468181373	-0.855029793906542	-0.111888540314288	0	0
0	-0.475395468181373	-0.876384558350456	-0.589035784332408	-0.533345648899246	-0.156212760990094	HUMAN|HGNC=20113|UniProtKB=Q6QHC5	0	0	0	0	0	0	0	0	0.253550104460955	0.516221865704771	0	0
0	-0.475395468181373	0.167179020827839	-0.315340655929059	1.04329106504035	-0.156212760990094	HUMAN|HGNC=12856|UniProtKB=P25490	0	1	0	0	0	0	0	-0.475395468181373	-0.495975844314299	-0.0527183420854286	0	0
0	-0.475395468181373	-0.18657367728676	0.416001132084996	-0.238973507504604	-0.156212760990094	HUMAN|HGNC=23789|UniProtKB=Q9BW66	0	1	0	0	0	0	0	-0.475395468181373	0.113606922483096	-0.0776148609685531	0	0
0	-0.475395468181373	-0.876384558350456	-0.589035784332408	-0.533345648899246	-0.156212760990094	HUMAN|HGNC=26773|UniProtKB=Q52LJ0	0	1	0	0	0	0	0	-0.475395468181373	0.253550104460955	0.516221865704771	0	0
0	-0.475395468181373	-0.876384558350456	-0.589035784332408	-0.533345648899246	-0.156212760990094	HUMAN|HGNC=24791|UniProtKB=Q3MJ16	0	0	0	0	0	0	0	0	0.253550104460955	0.516221865704771	0	0
0	-0.475395468181373	0.448423383319171	0.112043579126238	-0.533345648899246	-0.156212760990094	HUMAN|HGNC=4139|UniProtKB=Q8TET4	0	1	0	0	0	0	0	-0.475395468181373	0.253550104460955	0.050242960830977	0	0
0	0.358162438879505	0.658891832263784	0.225982474096133	-0.533345648899246	-0.156212760990094	HUMAN|HGNC=9036|UniProtKB=P0C869	0	0	0	0	0	0	0	0	-0.191024378375526	0.148898006416704	0	0
0	-0.475395468181373	0.263616237036932	-0.250896909736845	0.619037304221454	-0.156212760990094	HUMAN|HGNC=33630|UniProtKB=C9JE40	0	1	0	0	0	0	0	-0.475395468181373	-0.294287529062093	-0.0661404992290219	0	0
0	-0.475395468181373	-0.876384558350456	-0.589035784332408	-0.533345648899246	-0.156212760990094	HUMAN|HGNC=10258|UniProtKB=P35398	0	0	1	0	0	0	0	0	0.253550104460955	0.516221865704771	0	0
0	-0.475395468181373	0.9568516715634	-0.167220269749213	1.24893959202343	-0.156212760990094	HUMAN|HGNC=16468|UniProtKB=P83111	0	0	0	0	0	0	0	0	-0.593740222080232	-0.160004994628817	0	0
0	-0.475395468181373	0.950758618151231	0.816901340606433	-0.533345648899246	-0.156212760990094	HUMAN|HGNC=6136|UniProtKB=Q9UKX5	0	0	1	1	0	0	0	0	0.253550104460955	0.776675989760861	0	0
0	-0.475395468181373	-0.876384558350456	-0.589035784332408	-0.533345648899246	-0.156212760990094	HUMAN|HGNC=27287|UniProtKB=Q8IUY3	0	0	0	0	0	0	0	0	0.253550104460955	0.516221865704771	0	0
0	-0.475395468181373	0.0278867860485768	-0.245635517469384	-0.209182182793573	-0.156212760990094	HUMAN|HGNC=19703|UniProtKB=Q6PHR2	0	1	0	0	0	0	0	-0.475395468181373	0.0994442617243522	-0.00684998512160016	0	0
0	0.730974354987359	-0.876384558350456	-0.589035784332408	-0.533345648899246	-0.156212760990094	HUMAN|HGNC=32204|UniProtKB=P0CG33	0	0	0	0	0	0	0	0	-0.389861991689441	0.516221865704771	0	0
0	2.92476696329225	0.163134829650906	-0.221277491137686	-0.533345648899246	-0.156212760990094	HUMAN|HGNC=29567|UniProtKB=Q96GR2	0	0	0	0	0	0	0	0	-1.55991173391618	-0.0360980658223262	0	0
0	-0.475395468181373	-0.876384558350456	-0.589035784332408	-0.533345648899246	-0.156212760990094	HUMAN|HGNC=25477|UniProtKB=Q7L5Y6	0	0	1	1	0	0	0	0	0.253550104460955	0.516221865704771	0	0
0	0.926495912333865	-0.876384558350456	-0.589035784332408	-0.533345648899246	-0.156212760990094	HUMAN|HGNC=4069|UniProtKB=Q9BY60	0	0	0	0	0	0	0	0	-0.494142563566204	0.516221865704771	0	0
0	-0.475395468181373	0.0841413928448378	-0.401118754259814	-0.105299340940166	-0.156212760990094	HUMAN|HGNC=16618|UniProtKB=P82930	0	1	0	0	0	0	0	-0.475395468181373	0.0500588294854403	-0.033750690679607	0	0
0	1.27932081618865	-0.876384558350456	-0.589035784332408	-0.533345648899246	-0.156212760990094	HUMAN|HGNC=7371|UniProtKB=Q13421	0	0	0	0	0	0	0	0	-0.682320190860448	0.516221865704771	0	0
0	2.36513647291851	-0.175660443605241	-0.220927168432505	-0.0804727387816292	-0.156212760990094	HUMAN|HGNC=3121|UniProtKB=Q66K89	0	1	0	0	0	0	0	2.36513647291851	-0.190329009568075	0.0388081644113038	0	0
0	-0.475395468181373	-0.876384558350456	-0.589035784332408	-0.533345648899246	-0.156212760990094	HUMAN|HGNC=11501|UniProtKB=O43761	0	0	0	0	0	0	0	0	0.253550104460955	0.516221865704771	0	0
0	-0.475395468181373	0.43624349265671	-0.330238990321359	0.10135694467169	-0.156212760990094	HUMAN|HGNC=4236|UniProtKB=P55789	0	1	0	0	0	0	0	-0.475395468181373	-0.0481846321656315	-0.144064610549215	0	0
0	-0.475395468181373	-0.876384558350456	-0.589035784332408	-0.533345648899246	-0.156212760990094	HUMAN|HGNC=8194|UniProtKB=O43749	0	0	0	0	0	0	0	0	0.253550104460955	0.516221865704771	0	0
0	-0.475395468181373	0.140573974642103	-0.129326837775448	0.668330452390344	-0.156212760990094	HUMAN|HGNC=20812|UniProtKB=Q9NX65	0	1	0	0	0	0	0	-0.475395468181373	-0.317721268313977	-0.0181799876139891	0	0
0	-0.475395468181373	-0.876384558350456	-0.589035784332408	-0.533345648899246	-0.156212760990094	HUMAN|HGNC=9447|UniProtKB=P04553	0	0	0	0	0	0	0	0	0.253550104460955	0.516221865704771	0	0
0	-0.475395468181373	0.215023382623271	-0.14989297731257	-0.533345648899246	-0.156212760990094	HUMAN|HGNC=19157|UniProtKB=Q8NEV9	0	0	0	0	0	0	0	0	0.253550104460955	-0.032230495013222	0	0
0	-0.475395468181373	-0.876384558350456	-0.589035784332408	-0.533345648899246	-0.156212760990094	HUMAN|HGNC=14360|UniProtKB=P78415	1	0	0	0	-0.475395468181373	0	-0.533345648899246	0	0.253550104460955	0.516221865704771	0	0.253550104460955
0	-0.475395468181373	0.0453335878428076	-0.231938439247753	-0.533345648899246	-0.156212760990094	HUMAN|HGNC=19868|UniProtKB=Q8TEW6	0	0	0	0	0	0	0	0	0.253550104460955	-0.0105146016097617	0	0
0	-0.475395468181373	-0.0083356816009884	-0.115888165905658	-0.533345648899246	-0.156212760990094	HUMAN|HGNC=18553|UniProtKB=Q9Y342	0	0	0	0	0	0	0	0	0.253550104460955	0.000966006852312084	0	0
0	-0.475395468181373	1.36210387730793	1.32117064155401	2.49641722687886	-0.156212760990094	HUMAN|HGNC=13724|UniProtKB=P61421	0	1	0	0	0	0	0	-0.475395468181373	-1.18678543634812	1.79957165344611	0	0
0	-0.475395468181373	-0.876384558350456	-0.589035784332408	-0.0951088219122318	-0.156212760990094	HUMAN|HGNC=5209|UniProtKB=P80365	0	1	0	0	0	0	0	-0.475395468181373	0.0452143029211443	0.516221865704771	0	0
0	-0.475395468181373	-0.876384558350456	-0.589035784332408	0.283517454622786	-0.156212760990094	HUMAN|HGNC=5141|UniProtKB=P00738	0	1	0	0	0	0	0	-0.475395468181373	-0.134782913077991	0.516221865704771	0	0
0	-0.475395468181373	-0.876384558350456	-0.589035784332408	-0.533345648899246	-0.156212760990094	HUMAN|HGNC=17728|UniProtKB=Q8TBY8	0	0	0	0	0	0	0	0	0.253550104460955	0.516221865704771	0	0
0	-0.475395468181373	-0.876384558350456	-0.589035784332408	-0.533345648899246	-0.156212760990094	HUMAN|HGNC=26617|UniProtKB=Q8NB16	0	0	0	0	0	0	0	0	0.253550104460955	0.516221865704771	0	0
0	-0.475395468181373	-0.316974664422297	-0.508739045471763	-0.00528477759390794	-0.156212760990094	HUMAN|HGNC=8054|UniProtKB=P0C024	0	1	0	0	0	0	0	-0.475395468181373	0.0025123593184903	0.161257388216932	0	0
0	-0.475395468181373	1.02416878760184	0.772098959088369	-0.533345648899246	-0.156212760990094	HUMAN|HGNC=24319|UniProtKB=Q8IY22	0	1	0	0	0	0	0	-0.475395468181373	0.253550104460955	0.790759654838179	0	0
0	-0.475395468181373	1.05207652413027	-0.0599630963071442	-0.533345648899246	-0.156212760990094	HUMAN|HGNC=7150|UniProtKB=O95822	0	1	0	0	0	0	0	-0.475395468181373	0.253550104460955	-0.0630857659389087	0	0
0	-0.475395468181373	-0.876384558350456	-0.589035784332408	-0.533345648899246	-0.156212760990094	HUMAN|HGNC=17565|UniProtKB=Q8N4C8	0	1	0	0	0	0	0	-0.475395468181373	0.253550104460955	0.516221865704771	0	0
0	1.45858353897029	0.781738966678279	0.559955630187521	-0.533345648899246	-0.156212760990094	HUMAN|HGNC=33504|UniProtKB=Q6UWF3	0	0	0	0	0	0	0	0	-0.777929184065866	0.437739135728478	0	0
0	0.984063189792489	1.79014381544989	1.78583613410802	1.40105999307993	-0.156212760990094	HUMAN|HGNC=7568|UniProtKB=P35580	0	1	0	0	0	0	0	0.984063189792489	1.37873156588087	3.19690351088042	0	0
0	-0.475395468181373	-0.876384558350456	-0.589035784332408	-0.0070684505789147	-0.156212760990094	HUMAN|HGNC=26989|UniProtKB=Q6ZNG9	0	1	0	0	0	0	0	-0.475395468181373	0.00336030937228005	0.516221865704771	0	0
0	-0.475395468181373	-0.876384558350456	-0.589035784332408	1.8122952661941	-0.156212760990094	HUMAN|HGNC=11289|UniProtKB=P36956	0	1	0	0	0	0	0	-0.475395468181373	-0.861556956555229	0.516221865704771	0	0
0	0.452048722058898	-0.346547327681751	-0.0775854460189095	0.966881437327699	-0.156212760990094	HUMAN|HGNC=11992|UniProtKB=Q13472	0	1	0	0	0	0	0	0.452048722058898	0.437077518126457	0.0268870289848498	0	0
0	3.06450046769695	-0.876384558350456	-0.589035784332408	-0.200638488841926	-0.156212760990094	HUMAN|HGNC=18802|UniProtKB=Q8N5M1	1	1	0	0	3.06450046769695	1	-0.200638488841926	3.06450046769695	-0.614856742894092	0.516221865704771	3.06450046769695	-0.614856742894092
0	-0.475395468181373	1.23195450392109	0.585959672221998	-0.533345648899246	-0.156212760990094	HUMAN|HGNC=13480|UniProtKB=Q8IYT8	0	0	0	0	0	0	0	0	0.253550104460955	0.721875657310013	0	0
0	-0.475395468181373	3.23547399364228	4.60875113740485	-0.533345648899246	-0.156212760990094	HUMAN|HGNC=28291|UniProtKB=Q96NB3	0	1	0	0	0	0	0	-0.475395468181373	0.253550104460955	14.9114944482427	0	0
0	-0.475395468181373	-0.876384558350456	-0.589035784332408	-0.533345648899246	-0.156212760990094	HUMAN|HGNC=11531|UniProtKB=O75478	0	0	0	0	0	0	0	0	0.253550104460955	0.516221865704771	0	0
0	-0.475395468181373	1.24544481674873	1.39740263501142	-0.533345648899246	-0.156212760990094	HUMAN|HGNC=9287|UniProtKB=Q9UD71	0	0	0	0	0	0	0	0	0.253550104460955	1.74038786868599	0	0
0	-0.475395468181373	0.0382129492891968	0.604663204900884	-0.0974591515289744	-0.156212760990094	HUMAN|HGNC=6436|UniProtKB=P08727	0	1	0	0	0	0	0	-0.475395468181373	0.0463316389696762	0.0231059643859207	0	0
0	-0.475395468181373	-0.876384558350456	-0.589035784332408	1.67481692706033	-0.156212760990094	HUMAN|HGNC=29066|UniProtKB=Q9UKJ3	0	1	0	0	0	0	0	-0.475395468181373	-0.796200377157936	0.516221865704771	0	0
0	-0.475395468181373	1.39005294386418	3.27748631836802	-0.533345648899246	-0.156212760990094	HUMAN|HGNC=14483|UniProtKB=Q9P0M9	0	0	0	0	0	0	0	0	0.253550104460955	4.55587950532203	0	0
0	2.05723991446949	-0.876384558350456	-0.589035784332408	0.574194370326888	-0.156212760990094	HUMAN|HGNC=16811|UniProtKB=Q9UJT1	0	1	0	0	0	0	0	2.05723991446949	1.18125557730015	0.516221865704771	0	0
0	2.38599846564943	-0.669737624105872	-0.538506532259405	-0.533345648899246	-0.156212760990094	HUMAN|HGNC=2746|UniProtKB=P17844	0	0	0	0	0	0	0	0	-1.2725618999344	0.360658085480906	0	0
0	-0.475395468181373	0.328712624859949	0.155325583227431	-0.533345648899246	-0.156212760990094	HUMAN|HGNC=26735|UniProtKB=Q2TAC6	0	0	0	0	0	0	0	0	0.253550104460955	0.0510574801705915	0	0
0	2.97249875785445	1.00199475292492	0.990823267652208	0.12777224476082	-0.156212760990094	HUMAN|HGNC=23147|UniProtKB=Q70J99	1	1	0	0	2.97249875785445	1	0.12777224476082	2.97249875785445	0.379802838839813	0.992799715263436	2.97249875785445	0.379802838839813
0	-0.475395468181373	0.117914061602145	0.14361385969858	0.0192455421991492	-0.156212760990094	HUMAN|HGNC=10924|UniProtKB=O15427	0	1	0	0	0	0	0	-0.475395468181373	-0.0091492435441689	0.0169340934994202	0	0
0	1.23029849858053	0.425404561289573	0.286524326768835	-0.533345648899246	-0.156212760990094	HUMAN|HGNC=11608|UniProtKB=P21731	0	0	0	0	0	0	0	0	-0.656174351065202	0.121888755527887	0	0
0	-0.475395468181373	-0.876384558350456	-0.589035784332408	-0.533345648899246	-0.156212760990094	HUMAN|Ensembl=ENSG00000267157|UniProtKB=K7EMI3	0	0	0	0	0	0	0	0	0.253550104460955	0.516221865704771	0	0
0	-0.475395468181373	-0.876384558350456	-0.589035784332408	-0.308486598497011	-0.156212760990094	HUMAN|HGNC=1318|UniProtKB=P01024	0	1	0	0	0	0	0	-0.475395468181373	0.146653130920166	0.516221865704771	0	0
0	-0.475395468181373	-0.384637372298238	-0.162461430625377	0.37912930187663	-0.156212760990094	HUMAN|HGNC=30296|UniProtKB=Q8IY67	0	1	0	0	0	0	0	-0.475395468181373	-0.180236351966918	0.0624887377755574	0	0
0	-0.475395468181373	-0.876384558350456	-0.589035784332408	0.494895657395695	-0.156212760990094	HUMAN|HGNC=22048|UniProtKB=P60323	0	1	0	0	0	0	0	-0.475395468181373	-0.235271152748555	0.516221865704771	0	0
0	-0.475395468181373	1.15428855353155	0.0380191197230307	0.214758023593691	-0.156212760990094	HUMAN|HGNC=1226|UniProtKB=O14908	0	1	0	0	0	0	0	-0.475395468181373	-0.102094991172029	0.0438850347116399	0	0
0	-0.475395468181373	1.50421076053262	0.877155304323393	0.159814916863355	-0.156212760990094	HUMAN|HGNC=13575|UniProtKB=O60885	0	1	0	0	0	0	0	-0.475395468181373	-0.0759752872246221	1.31942644742152	0	0
0	-0.475395468181373	0.509907379958478	-0.173900199197194	0.196297506431549	-0.156212760990094	HUMAN|HGNC=24634|UniProtKB=Q9UBC2	0	1	0	0	0	0	0	-0.475395468181373	-0.0933189449728623	-0.0886729949468986	0	0
0	-0.475395468181373	0.371784140446749	0.0822780963848751	0.505943136628717	-0.156212760990094	HUMAN|HGNC=7609|UniProtKB=Q13459	0	1	0	0	0	0	0	-0.475395468181373	-0.240523074310761	0.0305896913420456	0	0
0	-0.475395468181373	-0.876384558350456	-0.589035784332408	-0.533345648899246	-0.156212760990094	HUMAN|HGNC=6783|UniProtKB=P20916	0	0	0	0	0	0	0	0	0.253550104460955	0.516221865704771	0	0
0	2.92704366834831	-0.876384558350456	-0.589035784332408	-0.533345648899246	-0.156212760990094	HUMAN|HGNC=17325|UniProtKB=Q9UF12	1	0	0	0	2.92704366834831	0	-0.533345648899246	0	-1.56112600465166	0.516221865704771	0	-1.56112600465166
0	-0.475395468181373	0.50041581875048	0.941300200968297	-0.533345648899246	-0.156212760990094	HUMAN|HGNC=28834|UniProtKB=Q3KPI0	0	0	0	0	0	0	0	0	0.253550104460955	0.471041510757542	0	0
0	1.45694185319079	-0.876384558350456	-0.589035784332408	-0.533345648899246	-0.156212760990094	HUMAN|HGNC=13911|UniProtKB=Q8IXT2	0	0	0	0	0	0	0	0	-0.777053598098511	0.516221865704771	0	0
0	-0.475395468181373	-0.876384558350456	-0.589035784332408	-0.533345648899246	-0.156212760990094	HUMAN|HGNC=2087|UniProtKB=O96005	0	0	0	0	0	0	0	0	0.253550104460955	0.516221865704771	0	0
0	-0.475395468181373	-0.876384558350456	-0.589035784332408	-0.533345648899246	-0.156212760990094	HUMAN|HGNC=24093|UniProtKB=Q6UW32	0	0	0	0	0	0	0	0	0.253550104460955	0.516221865704771	0	0
0	-0.475395468181373	0.724606242235913	0.29645206371652	5.43773915225103	-0.156212760990094	HUMAN|HGNC=25699|UniProtKB=Q9HA65	0	1	0	0	0	0	0	-0.475395468181373	-2.58507655013256	0.214811015892709	0	0
0	-0.475395468181373	0.875757103734788	0.931927430682284	-0.533345648899246	-0.156212760990094	HUMAN|HGNC=34550|UniProtKB=A6NGN9	0	0	0	0	0	0	0	0	0.253550104460955	0.81614206758532	0	0
0	-0.475395468181373	0.688198875898938	0.386649561978797	-0.533345648899246	-0.156212760990094	HUMAN|HGNC=30951|UniProtKB=Q6ZNG1	0	1	0	0	0	0	0	-0.475395468181373	0.253550104460955	0.266091793920625	0	0
0	2.0462338891278	-0.876384558350456	-0.589035784332408	-0.533345648899246	-0.156212760990094	HUMAN|HGNC=22947|UniProtKB=Q8WX94	0	0	0	0	0	0	0	0	-1.09134994139649	0.516221865704771	0	0
0	-0.475395468181373	-0.876384558350456	-0.589035784332408	-0.533345648899246	-0.156212760990094	HUMAN|HGNC=7623|UniProtKB=Q9UL68	0	0	0	0	0	0	0	0	0.253550104460955	0.516221865704771	0	0
0	-0.475395468181373	0.896346859677304	4.25461303642551	-0.533345648899246	-0.156212760990094	HUMAN|HGNC=16008|UniProtKB=Q9BYV2	0	0	0	0	0	0	0	0	0.253550104460955	3.81360903434212	0	0
0	-0.475395468181373	0.990451355931835	0.0946877675694815	-0.292576368332798	-0.156212760990094	HUMAN|HGNC=26567|UniProtKB=Q96LZ7	0	1	0	0	0	0	0	-0.475395468181373	0.139089479602376	0.0937836277793514	0	0
0	-0.475395468181373	0.766200108913473	-0.0528011744595661	-0.533345648899246	-0.156212760990094	HUMAN|HGNC=30506|UniProtKB=Q8IVE3	0	0	0	0	0	0	0	0	0.253550104460955	-0.0404562656216789	0	0
0	1.629187174013	1.34934584263542	0.393270622567354	-0.533345648899246	-0.156212760990094	HUMAN|HGNC=28027|UniProtKB=O95876	0	0	0	0	0	0	0	0	-0.868919890502293	0.530658079591904	0	0
0	-0.475395468181373	0.894225766797086	0.79956788187355	-0.533345648899246	-0.156212760990094	HUMAN|HGNC=16287|UniProtKB=Q9UMS0	0	0	0	0	0	0	0	0	0.253550104460955	0.714994202274697	0	0
0	-0.475395468181373	1.02303577140571	1.87333587776495	-0.23553536987559	-0.156212760990094	HUMAN|HGNC=2858|UniProtKB=Q16854	0	0	0	0	0	0	0	0	0.111972447435279	1.91648961481126	0	0
0	3.04417985084698	0.352747104115708	0.316234775316249	-0.533345648899246	-0.156212760990094	HUMAN|HGNC=24126|UniProtKB=Q96SQ7	0	0	0	0	0	0	0	0	-1.62360007791599	0.111550901213488	0	0
0	-0.475395468181373	0.495786410752089	0.173143096215218	-0.533345648899246	-0.156212760990094	HUMAN|HGNC=11457|UniProtKB=O75897	0	0	0	0	0	0	0	0	0.253550104460955	0.0858419942190465	0	0
0	-0.475395468181373	-0.876384558350456	-0.589035784332408	-0.533345648899246	-0.156212760990094	HUMAN|HGNC=25621|UniProtKB=Q9NUZ1	0	0	0	0	0	0	0	0	0.253550104460955	0.516221865704771	0	0
0	-0.475395468181373	0.316050705319858	0.936313208883551	0.93354435672934	-0.156212760990094	HUMAN|HGNC=25064|UniProtKB=Q0VFZ6	0	1	0	0	0	0	0	-0.475395468181373	-0.443802756535424	0.295922450067946	0	0
0	-0.475395468181373	-0.876384558350456	-0.589035784332408	4.474402948993	-0.156212760990094	HUMAN|HGNC=14529|UniProtKB=Q6BEB4	0	1	0	0	0	0	0	-0.475395468181373	-2.12711088476865	0.516221865704771	0	0
0	1.41650839077488	-0.876384558350456	-0.589035784332408	-0.533345648899246	-0.156212760990094	HUMAN|HGNC=1955|UniProtKB=P02708	0	0	0	0	0	0	0	0	-0.755488586849053	0.516221865704771	0	0
0	-0.475395468181373	0.41931840176576	1.11337069756777	-0.533345648899246	-0.156212760990094	HUMAN|HGNC=21610|UniProtKB=Q9C0E8	0	0	0	0	0	0	0	0	0.253550104460955	0.466856821476948	0	0
0	-0.475395468181373	0.343164093135706	0.646809454313225	-0.533345648899246	-0.156212760990094	HUMAN|HGNC=1500|UniProtKB=Q92851	0	1	0	0	0	0	0	-0.475395468181373	0.253550104460955	0.221961779820999	0	0
0	-0.475395468181373	-0.876384558350456	-0.589035784332408	-0.533345648899246	-0.156212760990094	HUMAN|HGNC=12306|UniProtKB=Q14669	0	0	1	1	0	0	0	0	0.253550104460955	0.516221865704771	0	0
0	1.95389272197617	0.55482186038397	0.121799815959726	0.145830189919642	-0.156212760990094	HUMAN|HGNC=27418|UniProtKB=A6NCS6	0	1	0	0	0	0	0	1.95389272197617	0.284936546728392	0.0675772004852005	0	0
0	-0.475395468181373	-0.538683116217718	-0.463822818709353	0.0838517056296369	-0.156212760990094	HUMAN|HGNC=20730|UniProtKB=Q7Z3E5	0	0	0	0	0	0	0	0	-0.0398627208556079	0.24985352135524	0	0
0	-0.475395468181373	-0.876384558350456	-0.589035784332408	-0.533345648899246	-0.156212760990094	HUMAN|HGNC=19770|UniProtKB=Q6ZVZ8	0	0	0	0	0	0	0	0	0.253550104460955	0.516221865704771	0	0
0	0.613861583337598	-0.876384558350456	-0.589035784332408	-0.533345648899246	-0.156212760990094	HUMAN|HGNC=24756|UniProtKB=Q6ZP01	0	0	0	0	0	0	0	0	-0.32740040449951	0.516221865704771	0	0
0	-0.475395468181373	-0.876384558350456	-0.589035784332408	0.0576004901689224	-0.156212760990094	HUMAN|HGNC=17721|UniProtKB=Q5TEA3	0	1	1	1	0	0	0	-0.475395468181373	-0.0273830119913314	0.516221865704771	0	0
0	-0.475395468181373	-0.876384558350456	-0.589035784332408	-0.533345648899246	-0.156212760990094	HUMAN|HGNC=15916|UniProtKB=Q9P286	0	0	0	0	0	0	0	0	0.253550104460955	0.516221865704771	0	0
0	-0.475395468181373	1.17345637428442	0.276804702319277	2.34974217683097	-0.156212760990094	HUMAN|HGNC=16225|UniProtKB=Q5VYV7	0	1	0	0	0	0	0	-0.475395468181373	-1.11705678226008	0.324818242368458	0	0
0	-0.475395468181373	0.392514388330177	-0.227770601079246	-0.533345648899246	-0.156212760990094	HUMAN|HGNC=29163|UniProtKB=Q9Y2I6	0	0	0	0	0	0	0	0	0.253550104460955	-0.0894032381622171	0	0
0	-0.475395468181373	-0.876384558350456	-0.589035784332408	-0.533345648899246	-0.156212760990094	HUMAN|HGNC=16243|UniProtKB=Q9H1R3	0	0	0	0	0	0	0	0	0.253550104460955	0.516221865704771	0	0
0	-0.475395468181373	-0.876384558350456	-0.589035784332408	1.53943382241249	-0.156212760990094	HUMAN|HGNC=18318|UniProtKB=Q8IXJ9	0	1	0	0	0	0	0	-0.475395468181373	-0.731839862740029	0.516221865704771	0	0
0	0.647827798743364	3.75537562560508	9.28297326107654	0.020424028558703	-0.156212760990094	HUMAN|HGNC=15936|UniProtKB=Q14686	0	1	0	0	0	0	0	0.647827798743364	0.0132312534626561	34.8610515177906	0	0
0	0.435210468983617	-0.281230373122156	-0.431381702950404	2.72866739297241	-0.156212760990094	HUMAN|HGNC=16125|UniProtKB=Q9H579	0	1	0	0	0	0	0	0.435210468983617	1.18754461579583	0.121317637278813	0	0
0	-0.475395468181373	-0.793298774882284	-0.587191136811973	0.0265742127282345	-0.156212760990094	HUMAN|HGNC=11986|UniProtKB=P11387	0	1	0	0	0	0	0	-0.475395468181373	-0.0126332603014905	0.465818009454674	0	0
0	-0.475395468181373	-0.876384558350456	-0.589035784332408	-0.533345648899246	-0.156212760990094	HUMAN|HGNC=20478|UniProtKB=Q8NEX6	0	0	0	0	0	0	0	0	0.253550104460955	0.516221865704771	0	0
0	-0.475395468181373	0.426184188098331	0.0445886531986257	1.11651532516897	-0.156212760990094	HUMAN|HGNC=9019|UniProtKB=Q9Y2B9	0	1	0	0	0	0	0	-0.475395468181373	-0.53078632574038	0.0190029789618543	0	0
0	-0.475395468181373	-0.639731503259777	-0.570419196430517	0.116732405095519	-0.156212760990094	HUMAN|HGNC=15746|UniProtKB=Q15785	0	1	0	0	0	0	0	-0.475395468181373	-0.0554940563723219	0.364915130020728	0	0
0	-0.475395468181373	0.178978721160851	0.810366608165247	-0.533345648899246	-0.156212760990094	HUMAN|HGNC=15856|UniProtKB=Q9Y2B4	0	0	0	0	0	0	0	0	0.253550104460955	0.145038379200872	0	0
0	1.54781106321748	-0.876384558350456	-0.589035784332408	0.0997406778662815	-0.156212760990094	HUMAN|HGNC=13444|UniProtKB=O95528	0	1	0	0	0	0	0	1.54781106321748	0.154379724654242	0.516221865704771	0	0
0	-0.475395468181373	0.00477019597895776	-0.182321220928116	0.27056074777006	-0.156212760990094	HUMAN|HGNC=7670|UniProtKB=Q9Y6Q9	0	1	0	0	0	0	0	-0.475395468181373	-0.12862335335765	-0.000869707954949966	0	0
0	-0.475395468181373	-0.876384558350456	-0.589035784332408	-0.533345648899246	-0.156212760990094	HUMAN|HGNC=32594|UniProtKB=Q8TCU6	1	0	0	0	-0.475395468181373	0	-0.533345648899246	0	0.253550104460955	0.516221865704771	0	0.253550104460955
0	-0.475395468181373	-0.876384558350456	-0.589035784332408	0.534881819151198	-0.156212760990094	HUMAN|HGNC=4371|UniProtKB=Q9UKD1	0	1	0	0	0	0	0	-0.475395468181373	-0.254280392837089	0.516221865704771	0	0
0	-0.475395468181373	0.349172017162078	0.550540081221337	-0.533345648899246	-0.156212760990094	HUMAN|HGNC=620|UniProtKB=P05067	0	0	1	1	0	0	0	0	0.253550104460955	0.192233190688629	0	0
0	-0.475395468181373	0.356334171551963	1.21542803893319	-0.533345648899246	-0.156212760990094	HUMAN|HGNC=8742|UniProtKB=P48539	0	0	0	0	0	0	0	0	0.253550104460955	0.433098543334284	0	0
0	-0.475395468181373	-0.876384558350456	-0.589035784332408	-0.533345648899246	-0.156212760990094	HUMAN|HGNC=11757|UniProtKB=Q07654	0	0	0	0	0	0	0	0	0.253550104460955	0.516221865704771	0	0
0	-0.475395468181373	0.928748584327237	1.05977530607484	-0.533345648899246	-0.156212760990094	HUMAN|HGNC=12560|UniProtKB=Q5DID0	0	0	0	0	0	0	0	0	0.253550104460955	0.984264815221968	0	0
0	-0.475395468181373	-0.876384558350456	-0.589035784332408	-0.533345648899246	-0.156212760990094	HUMAN|HGNC=22967|UniProtKB=P60368	0	0	0	0	0	0	0	0	0.253550104460955	0.516221865704771	0	0
0	-0.475395468181373	-0.876384558350456	-0.589035784332408	-0.533345648899246	-0.156212760990094	HUMAN|HGNC=22968|UniProtKB=P60369	0	0	0	0	0	0	0	0	0.253550104460955	0.516221865704771	0	0
0	-0.475395468181373	-0.561405969801388	-0.553780370969159	-0.533345648899246	-0.156212760990094	HUMAN|HGNC=30667|UniProtKB=Q9UGT4	0	0	0	0	0	0	0	0	0.253550104460955	0.310895606220913	0	0
0	-0.475395468181373	0.794823182157219	1.1435449543641	2.30773518333602	-0.156212760990094	HUMAN|HGNC=28046|UniProtKB=Q9UDW3	0	1	0	0	0	0	0	-0.475395468181373	-1.09708684792066	0.908916039567502	0	0
0	-0.475395468181373	0.387786354445027	-0.194297459296021	-0.533345648899246	-0.156212760990094	HUMAN|HGNC=25705|UniProtKB=Q8N5Z5	0	0	0	0	0	0	0	0	0.253550104460955	-0.0753459034183352	0	0
0	-0.475395468181373	-0.876384558350456	-0.589035784332408	-0.533345648899246	-0.156212760990094	HUMAN|HGNC=29446|UniProtKB=Q9H4I8	0	0	0	0	0	0	0	0	0.253550104460955	0.516221865704771	0	0
0	0.734986389218539	-0.876384558350456	-0.589035784332408	-0.533345648899246	-0.156212760990094	HUMAN|HGNC=25055|UniProtKB=Q9H4I9	0	0	0	0	0	0	0	0	-0.392001792689876	0.516221865704771	0	0
0	-0.475395468181373	0.00217747498748308	-0.352261185097692	-0.120048356810974	-0.156212760990094	HUMAN|HGNC=10542|UniProtKB=O95248	0	1	0	0	0	0	0	-0.475395468181373	0.0570704447905575	-0.000767039919611371	0	0
0	-0.475395468181373	0.267782319628442	-0.375061450841558	3.84201680521675	-0.156212760990094	HUMAN|HGNC=19422|UniProtKB=O75528	0	1	0	0	0	0	0	-0.475395468181373	-1.82647737787672	-0.100434825309561	0	0
0	-0.475395468181373	1.04457376717597	1.12227829788112	-0.533345648899246	-0.156212760990094	HUMAN|HGNC=29112|UniProtKB=Q6DN90	0	0	0	0	0	0	0	0	0.253550104460955	1.17230246943751	0	0
0	-0.475395468181373	-0.876384558350456	-0.589035784332408	1.46827423849892	-0.156212760990094	HUMAN|HGNC=17874|UniProtKB=P62310	0	1	0	0	0	0	0	-0.475395468181373	-0.698010919029843	0.516221865704771	0	0
0	-0.475395468181373	-0.876384558350456	-0.589035784332408	-0.533345648899246	-0.156212760990094	HUMAN|HGNC=28406|UniProtKB=A8MPX8	0	0	0	0	0	0	0	0	0.253550104460955	0.516221865704771	0	0
0	-0.475395468181373	-0.876384558350456	-0.589035784332408	-0.533345648899246	-0.156212760990094	HUMAN|HGNC=17899|UniProtKB=Q9NYS0	0	1	0	0	0	0	0	-0.475395468181373	0.253550104460955	0.516221865704771	0	0
0	-0.475395468181373	1.96893802742022	2.23693384796471	0.62517154494531	-0.156212760990094	HUMAN|HGNC=7562|UniProtKB=Q99836	0	1	0	0	0	0	0	-0.475395468181373	-0.297203719302948	4.40438411808115	0	0
0	2.7686224538048	-0.157785279114141	-0.439625655630836	-0.533345648899246	-0.156212760990094	HUMAN|HGNC=30827|UniProtKB=O95990	0	0	0	0	0	0	0	0	-1.47663273918154	0.0693664567794485	0	0
0	-0.475395468181373	1.13092310590837	2.53096366397578	-0.533345648899246	-0.156212760990094	HUMAN|HGNC=29868|UniProtKB=Q9UI15	0	0	0	0	0	0	0	0	0.253550104460955	2.86232528780472	0	0
0	-0.475395468181373	-0.876384558350456	-0.589035784332408	-0.533345648899246	-0.156212760990094	HUMAN|HGNC=12563|UniProtKB=P11172	0	1	0	0	0	0	0	-0.475395468181373	0.253550104460955	0.516221865704771	0	0
0	0.449499865884311	-0.876384558350456	-0.589035784332408	-0.533345648899246	-0.156212760990094	HUMAN|HGNC=11193|UniProtKB=O95416	0	0	0	0	0	0	0	0	-0.239738797650192	0.516221865704771	0	0
0	-0.475395468181373	-0.876384558350456	-0.589035784332408	-0.533345648899246	-0.156212760990094	HUMAN|HGNC=26587|UniProtKB=Q8IV35	0	0	0	0	0	0	0	0	0.253550104460955	0.516221865704771	0	0
0	-0.475395468181373	1.28744740158272	0.161022046234032	0.687540975809497	-0.156212760990094	HUMAN|HGNC=3155|UniProtKB=Q9H8V3	0	1	0	0	0	0	0	-0.475395468181373	-0.326853864088834	0.207307415021537	0	0
0	1.035526088399	0.956435904805983	0.138450742777457	0.121041785599704	-0.156212760990094	HUMAN|HGNC=28786|UniProtKB=Q7Z5U6	0	1	0	0	0	0	0	1.035526088399	0.125341926774893	0.132419261439417	0	0
0	-0.475395468181373	-0.876384558350456	-0.589035784332408	0.236812791290425	-0.156212760990094	HUMAN|HGNC=1027|UniProtKB=Q02338	1	1	1	0	-0.475395468181373	1	0.236812791290425	-0.475395468181373	-0.11257972778685	0.516221865704771	-0.475395468181373	-0.11257972778685
0	-0.475395468181373	1.08723946717134	-0.0682438926076153	1.16427458100178	-0.156212760990094	HUMAN|HGNC=29246|UniProtKB=Q9P2M4	0	1	0	0	0	0	0	-0.475395468181373	-0.553490859527012	-0.0741974534364016	0	0
0	-0.475395468181373	-0.224983309994811	-0.457669009218442	-0.533345648899246	-0.156212760990094	HUMAN|HGNC=11020|UniProtKB=O95436	0	0	0	0	0	0	0	0	0.253550104460955	0.102967888576011	0	0
0	-0.475395468181373	-0.876384558350456	-0.589035784332408	1.2442090388293	-0.156212760990094	HUMAN|HGNC=13531|UniProtKB=Q9Y2Q0	0	1	1	0	0	0	0	-0.475395468181373	-0.591491338529753	0.516221865704771	0	0
0	-0.475395468181373	-0.876384558350456	-0.589035784332408	-0.533345648899246	-0.156212760990094	HUMAN|HGNC=24959|UniProtKB=Q9BZM3	0	0	0	0	0	0	0	0	0.253550104460955	0.516221865704771	0	0
0	-0.475395468181373	2.19781443281294	1.62852620913496	-0.533345648899246	-0.156212760990094	HUMAN|HGNC=30285|UniProtKB=Q7L099	0	1	1	0	0	0	0	-0.475395468181373	0.253550104460955	3.57919840665095	0	0
0	-0.475395468181373	-0.876384558350456	-0.589035784332408	1.55163188697514	-0.156212760990094	HUMAN|HGNC=30904|UniProtKB=O60763	0	1	0	0	0	0	0	-0.475395468181373	-0.737638767353692	0.516221865704771	0	0
0	-0.475395468181373	0.733687865097929	1.41985084377929	0.922917385876025	-0.156212760990094	HUMAN|HGNC=34343|UniProtKB=Q6ZV65	0	1	0	0	0	0	0	-0.475395468181373	-0.438750742751262	1.04172733432992	0	0
0	-0.475395468181373	-0.876384558350456	-0.589035784332408	-0.533345648899246	-0.156212760990094	HUMAN|HGNC=4876|UniProtKB=Q15034	0	0	0	0	0	0	0	0	0.253550104460955	0.516221865704771	0	0
0	2.12080622196015	0.108672206915748	0.247738323414214	-0.533345648899246	-0.156212760990094	HUMAN|HGNC=1330|UniProtKB=Q9NPC6	0	0	0	0	0	0	0	0	-1.1311227706409	0.02692227034303	0	0
0	-0.475395468181373	-0.876384558350456	-0.589035784332408	-0.168026170711591	-0.156212760990094	HUMAN|HGNC=24573|UniProtKB=Q8TAT5	0	1	0	0	0	0	0	-0.475395468181373	0.07987888009216	0.516221865704771	0	0
0	-0.475395468181373	-0.876384558350456	-0.589035784332408	0.0483994612382573	-0.156212760990094	HUMAN|HGNC=30378|UniProtKB=O60645	0	1	0	0	0	0	0	-0.475395468181373	-0.0230088845350876	0.516221865704771	0	0
0	-0.475395468181373	-0.171942568244332	-0.13103416958647	0.16723293711925	-0.156212760990094	HUMAN|HGNC=28758|UniProtKB=Q14CZ7	0	1	0	0	0	0	0	-0.475395468181373	-0.0795017804371521	0.022530351646461	0	0
0	-0.475395468181373	0.224313466982046	-0.221106068102192	-0.533345648899246	-0.156212760990094	HUMAN|HGNC=4263|UniProtKB=P10912	0	0	0	0	0	0	0	0	0.253550104460955	-0.049597068706771	0	0
0	-0.475395468181373	0.588283835418724	0.38536234763853	-0.533345648899246	-0.156212760990094	HUMAN|HGNC=3466|UniProtKB=Q9NQ30	0	0	0	0	0	0	0	0	0.253550104460955	0.226702439894758	0	0
0	-0.475395468181373	0.361773680172596	-0.357184779949212	-0.533345648899246	-0.156212760990094	HUMAN|HGNC=6588|UniProtKB=Q6ZUX7	0	0	0	0	0	0	0	0	0.253550104460955	-0.129220052343865	0	0
0	-0.475395468181373	-0.122299260613631	-0.231922188487869	2.75604627505959	-0.156212760990094	HUMAN|HGNC=25959|UniProtKB=Q9NXP7	0	1	0	0	0	0	0	-0.475395468181373	-1.31021190926148	0.0283639121719616	0	0
0	-0.475395468181373	-0.876384558350456	-0.589035784332408	1.30105805162816	-0.156212760990094	HUMAN|HGNC=10968|UniProtKB=Q9H015	0	1	0	0	0	0	0	-0.475395468181373	-0.618517101584915	0.516221865704771	0	0
0	-0.475395468181373	-0.250957310012629	-0.436844656026236	-0.533345648899246	-0.156212760990094	HUMAN|HGNC=16496|UniProtKB=Q9UKU0	0	0	0	0	0	0	0	0	0.253550104460955	0.109629359769736	0	0
0	-0.475395468181373	-0.802671412465208	-0.58806762186751	-0.533345648899246	-0.156212760990094	HUMAN|HGNC=2509|UniProtKB=P35221	0	0	0	0	0	0	0	0	0.253550104460955	0.47202506866945	0	0
0	-0.475395468181373	-0.876384558350456	-0.589035784332408	0.0758427814183738	-0.156212760990094	HUMAN|HGNC=1724|UniProtKB=Q9UJX2	0	1	0	0	0	0	0	-0.475395468181373	-0.0360553145805654	0.516221865704771	0	0
0	1.42848596634615	-0.876384558350456	-0.589035784332408	-0.533345648899246	-0.156212760990094	HUMAN|HGNC=26943|UniProtKB=Q7LFL8	0	0	0	0	0	0	0	0	-0.761876774664355	0.516221865704771	0	0
0	2.67245653921323	-0.876384558350456	-0.589035784332408	-0.533345648899246	-0.156212760990094	HUMAN|HGNC=8693|UniProtKB=Q9UN66	1	0	0	0	2.67245653921323	0	-0.533345648899246	0	-1.42534306706171	0.516221865704771	0	-1.42534306706171
0	-0.475395468181373	0.875905162875353	1.24709107087815	-0.533345648899246	-0.156212760990094	HUMAN|HGNC=8676|UniProtKB=Q9H158	0	0	0	0	0	0	0	0	0.253550104460955	1.09233350755792	0	0
0	-0.475395468181373	-0.876384558350456	-0.589035784332408	-0.533345648899246	-0.156212760990094	HUMAN|HGNC=8667|UniProtKB=Q9Y5I0	0	0	0	0	0	0	0	0	0.253550104460955	0.516221865704771	0	0
0	-0.475395468181373	-0.876384558350456	-0.589035784332408	-0.533345648899246	-0.156212760990094	HUMAN|HGNC=3596|UniProtKB=Q9NYQ8	0	0	0	0	0	0	0	0	0.253550104460955	0.516221865704771	0	0
0	2.653964894934	0.0269749766201739	-0.401810843934141	1.36033312541072	-0.156212760990094	HUMAN|HGNC=6171|UniProtKB=Q08881	0	1	0	0	0	0	0	2.653964894934	3.61027636025591	-0.0108388381208558	0	0
0	-0.475395468181373	0.702658109705753	-0.21686897471903	-0.533345648899246	-0.156212760990094	HUMAN|HGNC=12391|UniProtKB=Q99614	0	1	0	0	0	0	0	-0.475395468181373	0.253550104460955	-0.152384743829898	0	0
0	2.62797299993667	-0.565111566494726	-0.541060920477155	-0.533345648899246	-0.156212760990094	HUMAN|HGNC=863|UniProtKB=O15342	1	1	1	1	2.62797299993667	1	-0.533345648899246	2.62797299993667	-1.40161796494092	0.305759784339924	2.62797299993667	-1.40161796494092
0	-0.475395468181373	-0.876384558350456	-0.589035784332408	-0.533345648899246	-0.156212760990094	HUMAN|HGNC=24835|UniProtKB=Q7Z2K8	0	0	0	0	0	0	0	0	0.253550104460955	0.516221865704771	0	0
0	-0.475395468181373	0.557228425380001	0.317340796253095	0.485617900632715	-0.156212760990094	HUMAN|HGNC=11280|UniProtKB=Q13501	0	1	0	0	0	0	0	-0.475395468181373	-0.230860549228545	0.176831312204948	0	0
0	-0.475395468181373	0.152358701250318	0.462083598163299	-0.533345648899246	-0.156212760990094	HUMAN|HGNC=3810|UniProtKB=Q12947	0	0	0	0	0	0	0	0	0.253550104460955	0.0704024568852342	0	0
0	0.704944417360557	2.09680520406365	0.299550627577521	-0.533345648899246	-0.156212760990094	HUMAN|HGNC=1094|UniProtKB=Q86WA6	0	1	0	0	0	0	0	0.704944417360557	-0.375979037715067	0.62809931478508	0	0
0	1.34051384887151	-0.876384558350456	-0.589035784332408	-0.533345648899246	-0.156212760990094	HUMAN|HGNC=18795|UniProtKB=O15205	0	0	0	0	0	0	0	0	-0.714957228584802	0.516221865704771	0	0
0	-0.475395468181373	-0.876384558350456	-0.589035784332408	-0.533345648899246	-0.156212760990094	HUMAN|HGNC=10018|UniProtKB=Q06587	0	0	0	0	0	0	0	0	0.253550104460955	0.516221865704771	0	0
0	1.54366149024898	-0.876384558350456	-0.589035784332408	0.472484487257078	-0.156212760990094	HUMAN|HGNC=21215|UniProtKB=Q9H6K1	0	1	0	0	0	0	0	1.54366149024898	0.729356107718789	0.516221865704771	0	0
0	-0.475395468181373	0.165867082901993	0.0847970283992412	-0.533345648899246	-0.156212760990094	HUMAN|HGNC=13655|UniProtKB=Q8IX30	0	0	0	0	0	0	0	0	0.253550104460955	0.0140650357393396	0	0
0	-0.475395468181373	-0.876384558350456	-0.589035784332408	-0.533345648899246	-0.156212760990094	HUMAN|HGNC=1784|UniProtKB=P38936	0	1	1	0	0	0	0	-0.475395468181373	0.253550104460955	0.516221865704771	0	0
0	-0.475395468181373	1.48943223305336	3.79293472900665	3.26816370068889	-0.156212760990094	HUMAN|HGNC=1157|UniProtKB=Q13895	0	1	0	0	0	0	0	-0.475395468181373	-1.55367021258236	5.64931924325	0	0
0	-0.475395468181373	1.5106839242736	0.78489209682045	-0.533345648899246	-0.156212760990094	HUMAN|HGNC=21107|UniProtKB=Q5TB80	0	1	0	0	0	0	0	-0.475395468181373	0.253550104460955	1.18572387295605	0	0
0	-0.475395468181373	1.47833480857117	0.740602674070916	0.749087990600894	-0.156212760990094	HUMAN|HGNC=21407|UniProtKB=Q53H80	0	1	0	0	0	0	0	-0.475395468181373	-0.356113036000756	1.09485871239992	0	0
0	-0.475395468181373	-0.876384558350456	-0.589035784332408	1.23278356707171	-0.156212760990094	HUMAN|HGNC=21020|UniProtKB=Q9H0R6	0	0	0	0	0	0	0	0	-0.58605972103436	0.516221865704771	0	0
0	-0.475395468181373	0.807633901806736	0.443728396989768	-0.533345648899246	-0.156212760990094	HUMAN|HGNC=11174|UniProtKB=O60493	0	0	0	0	0	0	0	0	0.253550104460955	0.358370096603295	0	0
0	-0.475395468181373	0.367006678049499	0.398365524836313	-0.533345648899246	-0.156212760990094	HUMAN|HGNC=9046|UniProtKB=Q9UM63	0	0	0	0	0	0	0	0	0.253550104460955	0.146202807919621	0	0
0	-0.475395468181373	-0.0501131488314364	0.236809591043437	-0.533345648899246	-0.156212760990094	HUMAN|HGNC=22231|UniProtKB=Q400G9	0	0	0	0	0	0	0	0	0.253550104460955	-0.0118672742806713	0	0
0	-0.475395468181373	0.260291554918173	-0.205915705627797	-0.533345648899246	-0.156212760990094	HUMAN|HGNC=30777|UniProtKB=Q96GN5	0	0	0	0	0	0	0	0	0.253550104460955	-0.0535981191999321	0	0
0	-0.475395468181373	0.227404885957133	0.668228084305637	3.31271234514868	-0.156212760990094	HUMAN|HGNC=1553|UniProtKB=Q13185	0	1	0	0	0	0	0	-0.475395468181373	-1.57484843627217	0.151958331304877	0	0
0	-0.475395468181373	-0.876384558350456	-0.589035784332408	2.50929155926226	-0.156212760990094	HUMAN|HGNC=4162|UniProtKB=P41250	0	1	0	0	0	0	0	-0.475395468181373	-1.19290583561905	0.516221865704771	0	0
0	-0.475395468181373	1.0535557223198	0.353697388725993	0.0937187055723947	-0.156212760990094	HUMAN|HGNC=22223|UniProtKB=Q7L9B9	0	1	0	0	0	0	0	-0.475395468181373	-0.0445534479129409	0.37263990786184	0	0
0	-0.475395468181373	0.46256875190328	-0.331588869647173	0.305096908345304	-0.156212760990094	HUMAN|HGNC=9253|UniProtKB=P62937	0	1	0	0	0	0	0	-0.475395468181373	-0.145041687583505	-0.153382649577712	0	0
0	-0.475395468181373	-0.876384558350456	-0.589035784332408	-0.533345648899246	-0.156212760990094	HUMAN|HGNC=29211|UniProtKB=A4D1T9	0	0	0	0	0	0	0	0	0.253550104460955	0.516221865704771	0	0
0	-0.475395468181373	-0.876384558350456	-0.589035784332408	-0.533345648899246	-0.156212760990094	HUMAN|HGNC=2762|UniProtKB=P59666	0	0	0	0	0	0	0	0	0.253550104460955	0.516221865704771	0	0
0	-0.475395468181373	-0.876384558350456	-0.589035784332408	-0.533345648899246	-0.156212760990094	HUMAN|HGNC=32222|UniProtKB=P0C5J1	0	0	0	0	0	0	0	0	0.253550104460955	0.516221865704771	0	0
0	-0.475395468181373	-0.876384558350456	-0.589035784332408	-0.533345648899246	-0.156212760990094	HUMAN|HGNC=23360|UniProtKB=Q8N163	0	1	0	0	0	0	0	-0.475395468181373	0.253550104460955	0.516221865704771	0	0
0	-0.475395468181373	-0.876384558350456	-0.589035784332408	-0.0758836836678763	-0.156212760990094	HUMAN|HGNC=6666|UniProtKB=Q9Y4K0	0	1	0	0	0	0	0	-0.475395468181373	0.0360747593246173	0.516221865704771	0	0
0	-0.475395468181373	-0.876384558350456	-0.589035784332408	1.95523157823096	-0.156212760990094	HUMAN|HGNC=25592|UniProtKB=Q9NV88	0	1	0	0	0	0	0	-0.475395468181373	-0.929508231536112	0.516221865704771	0	0
0	-0.475395468181373	-0.876384558350456	-0.589035784332408	3.59549526231243	-0.156212760990094	HUMAN|HGNC=744|UniProtKB=Q9UBL3	1	1	0	0	-0.475395468181373	1	3.59549526231243	-0.475395468181373	-1.70928215357093	0.516221865704771	-0.475395468181373	-1.70928215357093
0	-0.475395468181373	-0.876384558350456	-0.589035784332408	4.78766109825627	-0.156212760990094	HUMAN|HGNC=26193|UniProtKB=Q1MSJ5	0	1	0	0	0	0	0	-0.475395468181373	-2.27603238929929	0.516221865704771	0	0
0	-0.475395468181373	-0.876384558350456	-0.589035784332408	-0.533345648899246	-0.156212760990094	HUMAN|HGNC=536|UniProtKB=P27216	0	0	0	0	0	0	0	0	0.253550104460955	0.516221865704771	0	0
0	-0.475395468181373	-0.0832910647335148	-0.454779328642598	0.274633633830051	-0.156212760990094	HUMAN|HGNC=10862|UniProtKB=Q11201	0	1	0	0	0	0	0	-0.475395468181373	-0.130559584932989	0.037879054501435	0	0
0	-0.475395468181373	-0.876384558350456	-0.589035784332408	-0.533345648899246	-0.156212760990094	HUMAN|HGNC=28947|UniProtKB=Q50LG9	0	1	0	0	0	0	0	-0.475395468181373	0.253550104460955	0.516221865704771	0	0
0	-0.475395468181373	0.157494588480542	-0.317971953276673	-0.533345648899246	-0.156212760990094	HUMAN|HGNC=636|UniProtKB=Q92482	0	0	0	0	0	0	0	0	0.253550104460955	-0.0500788619296637	0	0
0	-0.475395468181373	-0.876384558350456	-0.589035784332408	0.584497822095028	-0.156212760990094	HUMAN|HGNC=24340|UniProtKB=Q5VZE5	0	1	0	0	0	0	0	-0.475395468181373	-0.277867615785859	0.516221865704771	0	0
0	-0.475395468181373	-0.876384558350456	-0.589035784332408	-0.533345648899246	-0.156212760990094	HUMAN|HGNC=28660|UniProtKB=Q9BUE6	0	1	0	0	0	0	0	-0.475395468181373	0.253550104460955	0.516221865704771	0	0
0	-0.475395468181373	-0.876384558350456	-0.589035784332408	0.856379408277791	-0.156212760990094	HUMAN|HGNC=17208|UniProtKB=Q8TD16	0	1	0	0	0	0	0	-0.475395468181373	-0.407118889739108	0.516221865704771	0	0
0	-0.475395468181373	0.791973940898314	-0.0734691863491669	0.0955183220030774	-0.156212760990094	HUMAN|HGNC=8920|UniProtKB=O75151	0	1	0	0	0	0	0	-0.475395468181373	-0.0454089774085522	-0.0581856810475424	0	0
0	0.724908018764722	-0.876384558350456	-0.589035784332408	1.12837392720076	-0.156212760990094	HUMAN|HGNC=9813|UniProtKB=P54727	0	1	0	0	0	0	0	0.724908018764722	0.81796730799287	0.516221865704771	0	0
0	-0.475395468181373	-0.339181132185076	-0.380577973615982	-0.533345648899246	-0.156212760990094	HUMAN|HGNC=9999|UniProtKB=P49796	0	0	0	0	0	0	0	0	0.253550104460955	0.129084867975771	0	0
0	-0.475395468181373	1.18723755145804	1.68158204970683	-0.168524403388967	-0.156212760990094	HUMAN|HGNC=16896|UniProtKB=Q7Z6M1	0	1	0	0	0	0	0	-0.475395468181373	0.0801157376490845	1.99643735526972	0	0
0	-0.475395468181373	0.316396037003322	0.362989825874864	-0.533345648899246	-0.156212760990094	HUMAN|HGNC=11011|UniProtKB=Q9UGQ3	0	1	0	0	0	0	0	-0.475395468181373	0.253550104460955	0.114848542379333	0	0
0	-0.475395468181373	0.597274039042372	-0.0309196868555785	-0.533345648899246	-0.156212760990094	HUMAN|HGNC=28435|UniProtKB=Q5BN46	0	1	0	0	0	0	0	-0.475395468181373	0.253550104460955	-0.0184675262541567	0	0
0	2.68329576225648	-0.876384558350456	-0.589035784332408	-0.533345648899246	-0.156212760990094	HUMAN|HGNC=6106|UniProtKB=Q9BZS1	1	0	0	0	2.68329576225648	0	-0.533345648899246	0	-1.43112411950928	0.516221865704771	0	-1.43112411950928
0	2.49377616129812	-0.876384558350456	-0.589035784332408	-0.533345648899246	-0.156212760990094	HUMAN|HGNC=18709|UniProtKB=Q8WWL7	1	0	1	0	2.49377616129812	0	-0.533345648899246	0	-1.33004466495702	0.516221865704771	0	-1.33004466495702
0	-0.475395468181373	-0.876384558350456	-0.589035784332408	-0.533345648899246	-0.156212760990094	HUMAN|HGNC=29245|UniProtKB=Q8NET4	0	0	0	0	0	0	0	0	0.253550104460955	0.516221865704771	0	0
0	-0.475395468181373	-0.876384558350456	-0.589035784332408	-0.533345648899246	-0.156212760990094	HUMAN|HGNC=24971|UniProtKB=Q9P127	0	0	0	0	0	0	0	0	0.253550104460955	0.516221865704771	0	0
0	-0.475395468181373	0.0266100190947156	-0.322642344588805	-0.533345648899246	-0.156212760990094	HUMAN|HGNC=9101|UniProtKB=P51805	0	0	0	0	0	0	0	0	0.253550104460955	-0.0085855189502719	0	0
1	1.62350126408508	0.209403171428097	-0.179678500516716	-0.533345648899246	-0.156212760990094	HUMAN|HGNC=6547|UniProtKB=P01130	1	1	1	1	1.62350126408508	1	-0.533345648899246	1.62350126408508	-0.865887335182202	-0.0376252478456453	1.62350126408508	-0.865887335182202
1	1.98907044881279	-0.0207928807078481	0.0387559921238061	1.57845806294554	7.73968805801141	HUMAN|HGNC=613|UniProtKB=P02649	1	1	0	0	1.98907044881279	1	1.57845806294554	1.98907044881279	3.13966428769526	-0.000805848720944602	1.98907044881279	3.13966428769526
1	1.20113735991262	-0.250190372447616	-0.533489633637891	1.47594569311004	-0.156212760990094	HUMAN|HGNC=18001|UniProtKB=O96008	1	1	0	0	1.20113735991262	1	1.47594569311004	1.20113735991262	1.77281351319659	0.133473970136806	1.20113735991262	1.77281351319659
1	-0.475395468181373	-0.876384558350456	-0.589035784332408	-0.533345648899246	9.28013739491738	HUMAN|HGNC=5024|UniProtKB=P41235	1	1	1	1	-0.475395468181373	1	-0.533345648899246	-0.475395468181373	0.253550104460955	0.516221865704771	-0.475395468181373	0.253550104460955
1	1.60020161671188	-0.876384558350456	-0.589035784332408	-0.533345648899246	-0.156212760990094	HUMAN|HGNC=2637|UniProtKB=P08684	0	0	1	0	0	0	0	0	-0.85346056963482	0.516221865704771	0	0
1	2.93515260113796	1.03612980585594	0.158639264113695	-0.533345648899246	-0.156212760990094	HUMAN|HGNC=4124|UniProtKB=Q10471	1	0	1	1	2.93515260113796	0	-0.533345648899246	0	-1.56545086867223	0.164370869927253	0	-1.56545086867223
1	1.20113735991262	-0.250190372447616	-0.533489633637891	1.47594569311004	-0.156212760990094	HUMAN|HGNC=18001|UniProtKB=O96008	1	1	0	0	1.20113735991262	1	1.47594569311004	1.20113735991262	1.77281351319659	0.133473970136806	1.20113735991262	1.77281351319659
1	-0.475395468181373	2.73404278079568	1.1159220026374	-0.533345648899246	4.70641499309927	HUMAN|HGNC=74|UniProtKB=Q9UNQ0	1	0	1	1	-0.475395468181373	0	-0.533345648899246	0	0.253550104460955	3.05097849524185	0	0.253550104460955
1	-0.475395468181373	-0.139725481253377	-0.409444718680249	-0.533345648899246	-0.156212760990094	HUMAN|HGNC=23089|UniProtKB=Q86YT5	0	1	0	0	0	0	0	-0.475395468181373	0.253550104460955	0.0572098603642515	0	0
1	0.872533905606689	-0.253466014659919	-0.349673267644132	-0.533345648899246	-0.156212760990094	HUMAN|HGNC=4017|UniProtKB=P51993	0	1	1	0	0	0	0	0.872533905606689	-0.465362162072393	0.0886302895828692	0	0
1	-0.475395468181373	-0.876384558350456	-0.589035784332408	-0.533345648899246	-0.156212760990094	HUMAN|HGNC=6547|UniProtKB=P01130	1	1	1	1	-0.475395468181373	1	-0.533345648899246	-0.475395468181373	0.253550104460955	0.516221865704771	-0.475395468181373	0.253550104460955
1	-0.475395468181373	0.63826826389735	-0.000802956464598916	-0.533345648899246	-0.156212760990094	HUMAN|HGNC=2615|UniProtKB=P20813	0	0	0	0	0	0	0	0	0.253550104460955	-0.000512501628644704	0	0
1	1.69272421794253	0.60180623590222	-0.21746936000645	1.47594569311004	-0.156212760990094	HUMAN|HGNC=18001|UniProtKB=O96008	0	1	1	1	0	0	0	1.69272421794253	2.49836901909533	-0.130874416969547	0	0
1	2.02156763344974	0.798861405726656	-0.158082479394947	1.47594569311004	1.04926021868259	HUMAN|HGNC=18001|UniProtKB=O96008	1	1	0	0	2.02156763344974	1	1.47594569311004	2.02156763344974	2.9837240419208	-0.126285991710203	2.02156763344974	2.9837240419208
1	-0.475395468181373	-0.876384558350456	-0.589035784332408	-0.533345648899246	-0.156212760990094	HUMAN|HGNC=74|UniProtKB=Q9UNQ0	0	0	1	0	0	0	0	0	0.253550104460955	0.516221865704771	0	0
1	-0.475395468181373	1.14442783690923	0.398434895669022	-0.533345648899246	-0.156212760990094	HUMAN|HGNC=74|UniProtKB=Q9UNQ0	0	0	1	1	0	0	0	0	0.253550104460955	0.455979985799653	0	0
1	-0.475395468181373	1.14442783690923	0.398434895669022	-0.533345648899246	-0.156212760990094	HUMAN|HGNC=74|UniProtKB=Q9UNQ0	0	0	1	1	0	0	0	0	0.253550104460955	0.455979985799653	0	0
1	-0.475395468181373	0.500741028107904	-0.143992217203641	-0.533345648899246	-0.156212760990094	HUMAN|HGNC=74|UniProtKB=Q9UNQ0	0	0	1	1	0	0	0	0	0.253550104460955	-0.0721028108820878	0	0
1	-0.475395468181373	-0.876384558350456	-0.589035784332408	-0.533345648899246	-0.156212760990094	HUMAN|HGNC=74|UniProtKB=Q9UNQ0	0	0	0	0	0	0	0	0	0.253550104460955	0.516221865704771	0	0
1	0.993488982833065	3.46570816673274	2.8941353889479	-0.533345648899246	-0.156212760990094	HUMAN|HGNC=12698|UniProtKB=P98155	0	0	1	1	0	0	0	0	-0.529873026223353	10.030228653107	0	0
1	-0.475395468181373	4.56691073647423	1.61550761619657	-0.533345648899246	-0.156212760990094	HUMAN|HGNC=1869|UniProtKB=P11597	0	0	1	0	0	0	0	0	0.253550104460955	7.37787907726402	0	0
1	-0.475395468181373	4.79907050405124	1.85852135104643	-0.533345648899246	-0.156212760990094	HUMAN|HGNC=1869|UniProtKB=P11597	0	0	1	0	0	0	0	0	0.253550104460955	8.91917499695639	0	0
1	-0.475395468181373	1.28030870280625	0.488270124027152	-0.533345648899246	-0.156212760990094	HUMAN|HGNC=23089|UniProtKB=Q86YT5	0	1	1	0	0	0	0	-0.475395468181373	0.253550104460955	0.625136489112249	0	0
1	3.03950060742199	-0.876384558350456	-0.589035784332408	-0.533345648899246	-0.156212760990094	HUMAN|HGNC=8821|UniProtKB=Q5T2W1	1	1	1	0	3.03950060742199	1	-0.533345648899246	3.03950060742199	-1.62110442379514	0.516221865704771	3.03950060742199	-1.62110442379514
1	3.03950060742199	-0.328549994292683	-0.502992057375339	-0.533345648899246	1.98182627294147	HUMAN|HGNC=8821|UniProtKB=Q5T2W1	1	1	1	0	3.03950060742199	1	-0.533345648899246	3.03950060742199	-1.62110442379514	0.165258037579932	3.03950060742199	-1.62110442379514
1	-0.475395468181373	0.931730333725404	-0.21490231161173	-0.533345648899246	4.1247908632269	HUMAN|HGNC=4124|UniProtKB=Q10471	1	0	1	1	-0.475395468181373	0	-0.533345648899246	0	0.253550104460955	-0.200231002516358	0	0.253550104460955
1	0.675186302045554	-0.876384558350456	-0.589035784332408	0.349569821438138	-0.156212760990094	HUMAN|HGNC=11641|UniProtKB=Q9NQB0	0	1	1	1	0	0	0	0.675186302045554	0.236024755043541	0.516221865704771	0	0
1	0.675186302045554	0.0122429091499524	-0.337968095805037	0.349569821438138	-0.156212760990094	HUMAN|HGNC=11641|UniProtKB=Q9NQB0	0	1	1	1	0	0	0	0.675186302045554	0.236024755043541	-0.00413771269252348	0	0
1	1.98907044881279	-0.0207928807078481	0.0387559921238061	1.57845806294554	7.73968805801141	HUMAN|HGNC=613|UniProtKB=P02649	1	1	0	0	1.98907044881279	1	1.57845806294554	1.98907044881279	3.13966428769526	-0.000805848720944602	1.98907044881279	3.13966428769526
1	1.20113735991262	-0.27290212451699	-0.537368966221032	1.47594569311004	-0.156212760990094	HUMAN|HGNC=18001|UniProtKB=O96008	1	1	0	0	1.20113735991262	1	1.47594569311004	1.20113735991262	1.77281351319659	0.146649132531218	1.20113735991262	1.77281351319659
1	1.45575960532106	-0.19363016276189	-0.46027966488939	0.420770260431259	-0.156212760990094	HUMAN|HGNC=4196|UniProtKB=Q14397	0	1	1	1	0	0	0	1.45575960532106	0.612540348256249	0.0891240264285206	0	0
1	-0.475395468181373	1.64311242503383	0.645747566714755	-0.533345648899246	-0.156212760990094	HUMAN|HGNC=2625|UniProtKB=P10635	0	0	0	0	0	0	0	0	0.253550104460955	1.06103585030437	0	0
1	-0.475395468181373	2.62648928135192	1.95121234535108	-0.533345648899246	-0.156212760990094	HUMAN|HGNC=2625|UniProtKB=P10635	0	0	0	0	0	0	0	0	0.253550104460955	5.12483831070616	0	0
1	-0.475395468181373	1.44688018037605	0.438581338131769	-0.533345648899246	-0.156212760990094	HUMAN|HGNC=74|UniProtKB=Q9UNQ0	0	0	0	0	0	0	0	0	0.253550104460955	0.634574645625664	0	0
1	-0.475395468181373	2.00943159712904	0.79423788956041	-0.533345648899246	4.70641499309927	HUMAN|HGNC=74|UniProtKB=Q9UNQ0	1	0	1	1	-0.475395468181373	0	-0.533345648899246	0	0.253550104460955	1.59596671091977	0	0.253550104460955
1	4.9198336543067	0.382074152762672	0.224286511393804	4.69321677624307	7.24395976152741	HUMAN|HGNC=5469|UniProtKB=P08833	1	1	1	0	4.9198336543067	1	4.69321677624307	4.9198336543067	23.0898458427175	0.0856940788168832	4.9198336543067	23.0898458427175
1	1.60020161671188	-0.876384558350456	-0.589035784332408	-0.533345648899246	-0.156212760990094	HUMAN|HGNC=2637|UniProtKB=P08684	0	0	1	0	0	0	0	0	-0.85346056963482	0.516221865704771	0	0
1	1.60020161671188	1.70183516865322	1.90163146963991	-0.533345648899246	0.503939829964962	HUMAN|HGNC=2637|UniProtKB=P08684	1	0	1	0	1.60020161671188	0	-0.533345648899246	0	-0.85346056963482	3.23626331285092	0	-0.85346056963482
