enhancer	gene	H3K27ac_enhancer	H3K4me1	H3K4me3	eQTL_Zscore	coeff_abs	H3K27ac_promoter	nearest	p300	intronic_target	truelink
14160	HUMAN|HGNC=6442|UniProtKB=P13647	0	0	0	0.594290118134814	0.0517653666666667	0	0	0	0	0
16350	HUMAN|HGNC=25340|UniProtKB=Q86V97	0	0	1	1.04741799507095	0.100896	15.5195	0	0	0	0
18811	HUMAN|HGNC=19038|UniProtKB=Q86TW2	1	8.27229	1	0	0	0	0	0	0	0
3819	HUMAN|HGNC=24618|UniProtKB=Q8WYP5	0	0	1	0.731306060939257	0.0662346285714286	20.12183	0	0	0	0
41383	HUMAN|HGNC=2685|UniProtKB=Q92904	0	0	0	0	0	0	0	0	0	0
42796	HUMAN|HGNC=6741|UniProtKB=Q9NQ48	0	0	0	1.52638666112001	0.756667	0	1	0	1	0
44942	HUMAN|HGNC=2303|UniProtKB=P16870	0	0	0	0.338651686306365	0.0580177	0	1	0	1	0
48155	HUMAN|HGNC=6322|UniProtKB=Q2VIQ3	0	0	0	0	0	0	0	0	0	0
65088	HUMAN|HGNC=24092|UniProtKB=Q9H213	0	0	0	0	0	0	0	0	0	0
77506	HUMAN|HGNC=16815|UniProtKB=Q8TCT1	0	0	0	1.95814472146793	0.301154	0	0	0	0	0
78247	HUMAN|HGNC=18818|UniProtKB=Q8NF99	0	13.4228	1	0	0	0	0	0	0	0
85582	HUMAN|HGNC=30555|UniProtKB=Q96D03	0	0	0	0	0	0	0	0	0	0
89941	HUMAN|HGNC=4629|UniProtKB=O15217	0	0	1	1.34546532251246	0.1708175	0	0	0	0	0
EH37E0066877	HUMAN|HGNC=12644|UniProtKB=Q15836	0	0	1	0.945335272571491	0.0891474	5.52298	0	0	0	0
EH37E0069175	HUMAN|HGNC=17447|UniProtKB=O94985	0	0	0	0.370686678512622	0.00993873	0	0	0	0	0
EH37E0072076	HUMAN|HGNC=49506|UniProtKB=A6NCW3	0	0	0	0	0	0	0	0	0	0
EH37E0076146	HUMAN|HGNC=16638|UniProtKB=Q8IYB3	0	0	0	1.1084208994923	0.2591585	0	0	0	0	0
EH37E0078251	HUMAN|HGNC=11110|UniProtKB=O14497	0	4.7501	1	0.740390403846601	0.0360167	51.09939	0	0	0	0
EH37E0080216	HUMAN|HGNC=3557|UniProtKB=P05413	0	0	0	0	0	0	0	0	0	0
EH37E0080768	HUMAN|HGNC=6399|UniProtKB=O60684	0	6.90812	1	1.32142893717656	0.142705	0	0	0	0	0
EH37E0089645	HUMAN|HGNC=28792|UniProtKB=Q9Y546	0	0	1	0	0	10.69492	0	0	0	0
EH37E0098375	HUMAN|HGNC=9600|UniProtKB=P43088	0	0	0	0	0	0	0	0	0	0
EH37E0101406	HUMAN|HGNC=6644|UniProtKB=P61968	0	0	1	1.62022437320141	0.152911	4.91556	1	0	0	0
EH37E0103140	HUMAN|HGNC=24013|UniProtKB=Q5QJE6	0	5.90539	1	0	0	0	0	0	0	0
EH37E0105980	HUMAN|HGNC=25403|UniProtKB=Q6UVJ0	0	0	1	0	0	0	0	0	0	0
EH37E0110244	HUMAN|HGNC=468|UniProtKB=P23109	0	0	0	0.474844957710679	0.03964705	0	0	0	0	0
EH37E0112033	HUMAN|HGNC=5217|UniProtKB=P14060	0	0	0	1.2636225363751	0.26387146	0	0	0	0	0
EH37E0115833	HUMAN|HGNC=30778|UniProtKB=Q8WXI9	0	0	0	0	0	0	0	0	0	0
EH37E0117981	HUMAN|HGNC=17601|UniProtKB=Q8N126	0	0	0	0.856306657977457	0.146604	0	0	0	0	0
EH37E0122074	HUMAN|HGNC=10645|UniProtKB=P47992	0	0	0	0.861022016009939	0.06035	0	0	0	0	0
EH37E0123861	HUMAN|HGNC=24663|UniProtKB=Q5R372	0	0	0	1.3126432238118	0.235651	0	0	0	0	0
EH37E0125597	HUMAN|HGNC=23017|UniProtKB=O75063	0	0	1	1.20499450458699	0.1280715	9.60692	1	0	0	0
EH37E0127264	HUMAN|HGNC=6492|UniProtKB=P11047	0	0	1	1.63472652230014	0.0913323	23.19587	0	0	0	0
EH37E0128114	HUMAN|HGNC=16782|UniProtKB=Q7Z2T5	0	0	1	0.943807539993798	0.093040075	6.52092	0	0	0	0
EH37E0131469	HUMAN|HGNC=18265|UniProtKB=Q96LB4	0	0	0	0	0	0	0	0	0	0
EH37E0133717	HUMAN|HGNC=27139|UniProtKB=Q96DD7	0	0	0	0	0	0	0	0	0	0
EH37E0135561	HUMAN|HGNC=14469|UniProtKB=Q7LBE3	0	0	0	0	0	0	0	0	0	0
EH37E0144514	HUMAN|HGNC=27146|UniProtKB=Q5TA31	0	0	1	0.172721161762691	0.00292957	37.69328	0	0	0	0
EH37E0152010	HUMAN|HGNC=30954|UniProtKB=Q8IW36	0	0	0	0	0	0	0	0	0	0
EH37E0159539	HUMAN|HGNC=25625|UniProtKB=Q9NV23	0	0	0	0	0	0	0	0	0	0
EH37E0159876	HUMAN|HGNC=25625|UniProtKB=Q9NV23	0	0	0	0.321234739719492	0.0118819	0	0	0	0	0
EH37E0162703	HUMAN|HGNC=28716|UniProtKB=Q8IYJ2	0	0	1	0	0	9.73015	0	0	0	0
EH37E0184438	HUMAN|HGNC=8604|UniProtKB=O95340	0	0	0	0	0	0	0	0	0	0
EH37E0186936	HUMAN|HGNC=19061|UniProtKB=Q5NUL3	0	0	0	0	0	0	0	0	0	0
EH37E0189089	HUMAN|HGNC=8888|UniProtKB=P18669	0	4.74934	1	0.809898011983905	0.089835825	23.86015	0	0	0	0
EH37E0191261	HUMAN|HGNC=29370|UniProtKB=Q8IWB1	0	0	0	0.611930792687792	0.0363479	5.36054	0	0	0	0
EH37E0196674	HUMAN|HGNC=29152|UniProtKB=Q7L804	0	0	1	1.26361157134211	0.258536	0	0	0	0	0
EH37E0198201	HUMAN|HGNC=3689|UniProtKB=P21802	0	0	0	0	0	0	0	0	0	0
EH37E0202788	HUMAN|HGNC=24733|UniProtKB=A2VDF0	0	0	1	0.8750657250291	0.0600445666666667	8.29689	0	0	0	0
EH37E0203096	HUMAN|HGNC=15463|UniProtKB=Q9BVG9	0	3.34248	1	1.11145060281178	0.138421	6.80355	0	0	0	0
EH37E0203201	HUMAN|HGNC=16491|UniProtKB=Q9HB75	0	0	1	0	0	40.88063	0	0	0	0
EH37E0203203	HUMAN|HGNC=28561|UniProtKB=Q8IXW0	0	0	1	0	0	12.18589	0	0	0	0
EH37E0206565	HUMAN|HGNC=9852|UniProtKB=O95373	0	0	0	0.657416323216324	0.0247761	0	0	0	0	0
EH37E0208134	HUMAN|HGNC=14652|UniProtKB=Q9NVD7	0	3.18688	0	0.569449518253625	0.0228485	0	0	0	0	0
EH37E0213432	HUMAN|HGNC=26317|UniProtKB=Q96LU5	0	0	1	0	0	28.16033	0	0	0	0
EH37E0219453	HUMAN|HGNC=26296|UniProtKB=Q5U5Z8	0	0	0	0.89050872144861	0.0348087	8.71438	0	0	0	0
EH37E0219903	HUMAN|HGNC=15260|UniProtKB=Q8NGP9	1	13.89765	0	0	0	0	0	0	0	0
EH37E0219981	HUMAN|HGNC=339|UniProtKB=P35414	1	11.87311	0	1.49974245504318	0.2222175	0	0	76.31023	0	0
EH37E0221441	HUMAN|HGNC=11514|UniProtKB=O43581	0	0	0	1.00628879293768	0.199320166666667	0	0	0	0	0
EH37E0222428	HUMAN|HGNC=18057|UniProtKB=Q63ZE4	0	0	0	0	0	0	0	0	0	0
EH37E0224568	HUMAN|HGNC=2253|UniProtKB=Q9BR76	0	0	1	0	0	8.52148	0	0	0	0
EH37E0225151	HUMAN|HGNC=1174|UniProtKB=Q96F05	0	0	1	0	0	15.10841	0	0	0	0
EH37E0227857	HUMAN|HGNC=24168|UniProtKB=Q6WN34	0	0	0	0.970597714693436	0.154105	0	0	0	0	0
EH37E0228064	HUMAN|HGNC=37216|UniProtKB=A6NK58	0	0	1	0	0	14.76245	0	0	0	0
EH37E0228372	HUMAN|HGNC=28804|UniProtKB=Q8WTR4	0	0	1	0.332313472561397	0.0600521	0	0	0	0	0
EH37E0233124	HUMAN|HGNC=37217|UniProtKB=C9J1S8	0	0	0	0	0	0	0	0	0	0
EH37E0239232	HUMAN|HGNC=1163|UniProtKB=Q9H5F2	0	0	1	0.965416454264032	0.0566652	0	0	0	0	0
EH37E0240562	HUMAN|HGNC=7861|UniProtKB=P40261	0	0	0	1.21029146759507	0.0590333	0	0	0	0	0
EH37E0240569	HUMAN|HGNC=5298|UniProtKB=O95264	0	0	0	0	0	0	0	0	0	0
EH37E0250833	HUMAN|HGNC=12425|UniProtKB=O75386	0	0	1	0	0	15.28374	0	0	0	0
EH37E0262481	HUMAN|HGNC=9024|UniProtKB=Q99959	0	0	1	0	0	8.440915	0	0	0	0
EH37E0262950	HUMAN|HGNC=23498|UniProtKB=Q86YQ8	0	0	0	1.22156889074892	0.354272133333333	0	0	0	0	0
EH37E0267007	HUMAN|HGNC=24241|UniProtKB=Q6P1Q0	0	6.26049	0	0	0	0	0	0	0	0
EH37E0271432	HUMAN|HGNC=18583|UniProtKB=Q9ULR3	0	0	1	0.43884259590748	0.0173128	7.05915	0	0	0	0
EH37E0274770	HUMAN|HGNC=20854|UniProtKB=Q9H0W7	0	0	1	0.346824044371903	0.0732961	59.53761	0	0	0	0
EH37E0282152	HUMAN|HGNC=9106|UniProtKB=O60486	0	0	0	1.0267844759739	0.159852	0	0	0	0	0
EH37E0284624	HUMAN|HGNC=17852|UniProtKB=Q8WUD6	0	0	1	1.42272648402603	0.29919	0	0	0	0	0
EH37E0287729	HUMAN|HGNC=30579|UniProtKB=Q8WYL5	0	0	1	1.2638138689175	0.15424775	4.48643	0	0	0	0
EH37E0288150	HUMAN|HGNC=4273|UniProtKB=Q14161	0	0	1	0	0	0	0	0	0	0
EH37E0294013	HUMAN|HGNC=2769|UniProtKB=O43583	0	5.61285	1	0	0	5.40026	0	0	0	0
EH37E0296443	HUMAN|HGNC=4039|UniProtKB=Q9ULW2	0	0	0	0	0	0	0	0	0	0
EH37E0298886	HUMAN|HGNC=20749|UniProtKB=Q5W0Z9	0	0	0	0.960033764089718	0.1013674	0	0	0	0	0
EH37E0304489	HUMAN|HGNC=18514|UniProtKB=Q8N0X7	0	0	0	0.692901254588305	0.211697	0	0	0	0	0
EH37E0309970	HUMAN|HGNC=17903|UniProtKB=Q9NPJ6	0	0	1	1.33385723295125	0.12055308	10.48028	0	0	0	0
EH37E0325977	HUMAN|HGNC=20370|UniProtKB=Q8N6K0	0	6.99164	0	0	0	0	0	0	0	0
EH37E0328737	HUMAN|HGNC=20163|UniProtKB=Q9H6D7	0	3.72678	0	1.03913264583989	0.1139934	0	0	0	0	0
EH37E0328929	HUMAN|HGNC=7732|UniProtKB=Q15843	0	0	1	0.75444178199324	0.0327638	35.10274	0	0	0	0
EH37E0354759	HUMAN|HGNC=20113|UniProtKB=Q6QHC5	0	0	0	0	0	0	0	0	0	0
EH37E0354792	HUMAN|HGNC=12856|UniProtKB=P25490	0	0	1	0.651262670965225	0.035508528	23.73344	0	0	0	0
EH37E0355932	HUMAN|HGNC=23789|UniProtKB=Q9BW66	0	0	1	0.430494208331951	0.130391	4.431245	0	0	0	0
EH37E0362587	HUMAN|HGNC=26773|UniProtKB=Q52LJ0	0	0	1	0	0	0	0	0	0	0
EH37E0364169	HUMAN|HGNC=24791|UniProtKB=Q3MJ16	0	0	0	0	0	0	0	0	0	0
EH37E0364404	HUMAN|HGNC=4139|UniProtKB=Q8TET4	0	0	1	0.826780443302815	0.0909563	0	0	0	0	0
EH37E0364448	HUMAN|HGNC=9036|UniProtKB=P0C869	0	2.84845	0	0.958128687864499	0.10573845	0	0	0	0	0
EH37E0365820	HUMAN|HGNC=33630|UniProtKB=C9JE40	0	0	1	0.711446794158024	0.0438693	17.34706	0	0	0	0
EH37E0371450	HUMAN|HGNC=10258|UniProtKB=P35398	0	0	0	0	0	0	1	0	0	0
EH37E0373123	HUMAN|HGNC=16468|UniProtKB=P83111	0	0	0	1.14407818308877	0.0547253	26.82911	0	0	0	0
EH37E0375587	HUMAN|HGNC=6136|UniProtKB=Q9UKX5	0	0	0	1.14027565651663	0.1824028	0	1	0	1	0
EH37E0377924	HUMAN|HGNC=27287|UniProtKB=Q8IUY3	0	0	0	0	0	0	0	0	0	0
EH37E0379037	HUMAN|HGNC=19703|UniProtKB=Q6PHR2	0	0	1	0.564333772068152	0.0445519	4.8797	0	0	0	0
EH37E0379190	HUMAN|HGNC=32204|UniProtKB=P0CG33	0	4.12243	0	0	0	0	0	0	0	0
EH37E0380430	HUMAN|HGNC=29567|UniProtKB=Q96GR2	0	11.6191	0	0.648738789526341	0.04771205	0	0	0	0	0
EH37E0384108	HUMAN|HGNC=25477|UniProtKB=Q7L5Y6	0	0	0	0	0	0	1	0	1	0
EH37E0385033	HUMAN|HGNC=4069|UniProtKB=Q9BY60	0	4.79057	0	0	0	0	0	0	0	0
EH37E0389921	HUMAN|HGNC=16618|UniProtKB=P82930	0	0	1	0.599440905171704	0.02437989	6.44347	0	0	0	0
EH37E0389974	HUMAN|HGNC=7371|UniProtKB=Q13421	0	5.99625	0	0	0	0	0	0	0	0
EH37E0390136	HUMAN|HGNC=3121|UniProtKB=Q66K89	0	9.70672	1	0.437304892278865	0.0477575	6.81719	0	0	0	0
EH37E0390250	HUMAN|HGNC=11501|UniProtKB=O43761	0	0	0	0	0	0	0	0	0	0
EH37E0390570	HUMAN|HGNC=4236|UniProtKB=P55789	0	0	1	0.819179269514109	0.033575655	9.55431	0	0	0	0
EH37E0390757	HUMAN|HGNC=8194|UniProtKB=O43749	0	0	0	0	0	0	0	0	0	0
EH37E0391170	HUMAN|HGNC=20812|UniProtKB=Q9NX65	0	0	1	0.634659108148555	0.0596415	18.08908	0	0	0	0
EH37E0394112	HUMAN|HGNC=9447|UniProtKB=P04553	0	0	0	0	0	0	0	0	0	0
EH37E0400299	HUMAN|HGNC=19157|UniProtKB=Q8NEV9	0	0	0	0.681121174534365	0.0569733	0	0	0	0	0
EH37E0404118	HUMAN|HGNC=14360|UniProtKB=P78415	1	0	0	0	0	0	0	0	0	0
EH37E0405358	HUMAN|HGNC=19868|UniProtKB=Q8TEW6	0	0	0	0.575221897107221	0.046328925	0	0	0	0	0
EH37E0406076	HUMAN|HGNC=18553|UniProtKB=Q9Y342	0	0	0	0.541728210221137	0.061385	0	0	0	0	0
EH37E0407986	HUMAN|HGNC=13724|UniProtKB=P61421	0	0	1	1.39698623698573	0.24782545	45.60765	0	0	0	0
EH37E0408565	HUMAN|HGNC=5209|UniProtKB=P80365	0	0	1	0	0	6.59687	0	0	0	0
EH37E0410201	HUMAN|HGNC=5141|UniProtKB=P00738	0	0	1	0	0	12.29641	0	0	0	0
EH37E0410878	HUMAN|HGNC=17728|UniProtKB=Q8TBY8	0	0	0	0	0	0	0	0	0	0
EH37E0411931	HUMAN|HGNC=26617|UniProtKB=Q8NB16	0	0	0	0	0	0	0	0	0	0
EH37E0412299	HUMAN|HGNC=8054|UniProtKB=P0C024	0	0	1	0.349114121030263	0.0104175	7.94901	0	0	0	0
EH37E0413889	HUMAN|HGNC=24319|UniProtKB=Q8IY22	0	0	1	1.18608915938922	0.17659025	0	0	0	0	0
EH37E0415161	HUMAN|HGNC=7150|UniProtKB=O95822	0	0	1	1.20350569959313	0.06864058	0	0	0	0	0
EH37E0420761	HUMAN|HGNC=17565|UniProtKB=Q8N4C8	0	0	1	0	0	0	0	0	0	0
EH37E0421485	HUMAN|HGNC=33504|UniProtKB=Q6UWF3	0	6.60883	0	1.03479459924309	0.1490673	0	0	0	0	0
EH37E0422381	HUMAN|HGNC=7568|UniProtKB=P35580	0	4.98729	1	1.66411556092556	0.30811	29.11901	0	0	0	0
EH37E0422528	HUMAN|HGNC=26989|UniProtKB=Q6ZNG9	0	0	1	0	0	7.92216	0	0	0	0
EH37E0425346	HUMAN|HGNC=11289|UniProtKB=P36956	0	0	1	0	0	35.30942	0	0	0	0
EH37E0425794	HUMAN|HGNC=11992|UniProtKB=Q13472	0	3.16928	1	0.330658540511564	0.0663543	22.58323	0	0	0	0
EH37E0425896	HUMAN|HGNC=18802|UniProtKB=Q8N5M1	1	12.0966	1	0	0	5.00831	0	0	0	0
EH37E0426574	HUMAN|HGNC=13480|UniProtKB=Q8IYT8	0	0	0	1.31576317571034	0.152441	0	0	0	0	0
EH37E0431189	HUMAN|HGNC=28291|UniProtKB=Q96NB3	0	0	1	2.56611100332821	0.674348	0	0	0	0	0
EH37E0431840	HUMAN|HGNC=11531|UniProtKB=O75478	0	0	0	0	0	0	0	0	0	0
EH37E0432520	HUMAN|HGNC=9287|UniProtKB=Q9UD71	0	0	0	1.32418215212882	0.2577156	0	0	0	0	0
EH37E0433618	HUMAN|HGNC=6436|UniProtKB=P08727	0	0	1	0.570778079618828	0.15486755	6.56149	0	0	0	0
EH37E0435412	HUMAN|HGNC=29066|UniProtKB=Q9UKJ3	0	0	1	0	0	33.23993	0	0	0	0
EH37E0438048	HUMAN|HGNC=14483|UniProtKB=Q9P0M9	0	0	0	1.41442857025568	0.501633	0	0	0	0	0
EH37E0440647	HUMAN|HGNC=16811|UniProtKB=Q9UJT1	0	8.65457	1	0	0	16.67203	0	0	0	0
EH37E0442492	HUMAN|HGNC=2746|UniProtKB=P17844	0	9.77801	0	0.128963330100953	0.00655554	0	0	0	0	0
EH37E0447135	HUMAN|HGNC=26735|UniProtKB=Q2TAC6	0	0	0	0.752071867943359	0.0965716	0	0	0	0	0
EH37E0448561	HUMAN|HGNC=23147|UniProtKB=Q70J99	1	11.78221	1	1.17225088318075	0.204967	9.951945	0	0	0	0
EH37E0452334	HUMAN|HGNC=10924|UniProtKB=O15427	0	0	1	0.620517607060655	0.09505215	8.31827	0	0	0	0
EH37E0478454	HUMAN|HGNC=11608|UniProtKB=P21731	0	5.82873	0	0.81241495583604	0.113593	0	0	0	0	0
EH37E0479650	HUMAN|Ensembl=ENSG00000267157|UniProtKB=K7EMI3	0	0	0	0	0	0	0	0	0	0
EH37E0480166	HUMAN|HGNC=1318|UniProtKB=P01024	0	0	1	0	0	3.38485	0	0	0	0
EH37E0481677	HUMAN|HGNC=30296|UniProtKB=Q8IY67	0	0	1	0.30688746926198	0.0553427	13.735675	0	0	0	0
EH37E0482842	HUMAN|HGNC=22048|UniProtKB=P60323	0	0	1	0	0	15.47833	0	0	0	0
EH37E0483255	HUMAN|HGNC=1226|UniProtKB=O14908	0	0	1	1.26729374337008	0.08135255	11.26136	0	0	0	0
EH37E0483787	HUMAN|HGNC=13575|UniProtKB=O60885	0	0	1	1.48567168958109	0.19022	10.43429	0	0	0	0
EH37E0484175	HUMAN|HGNC=24634|UniProtKB=Q9UBC2	0	0	1	0.865151111532212	0.0538586625	10.98347	0	0	0	0
EH37E0484600	HUMAN|HGNC=7609|UniProtKB=Q13459	0	0	1	0.778951754174792	0.0870946	15.64463	0	0	0	0
EH37E0488610	HUMAN|HGNC=6783|UniProtKB=P20916	0	0	0	0	0	0	0	0	0	0
EH37E0488806	HUMAN|HGNC=17325|UniProtKB=Q9UF12	1	11.62688	0	0	0	0	0	0	0	0
EH37E0490864	HUMAN|HGNC=28834|UniProtKB=Q3KPI0	0	0	0	0.859227658829102	0.198542	0	0	0	0	0
EH37E0491334	HUMAN|HGNC=13911|UniProtKB=Q8IXT2	0	6.60322	0	0	0	0	0	0	0	0
EH37E0492133	HUMAN|HGNC=2087|UniProtKB=O96005	0	0	0	0	0	0	0	0	0	0
EH37E0492727	HUMAN|HGNC=24093|UniProtKB=Q6UW32	0	0	0	0	0	0	0	0	0	0
EH37E0494358	HUMAN|HGNC=25699|UniProtKB=Q9HA65	0	0	1	0.999139454255035	0.114881	89.88398	0	0	0	0
EH37E0495008	HUMAN|HGNC=34550|UniProtKB=A6NGN9	0	0	0	1.09346903392086	0.197326	0	0	0	0	0
EH37E0495593	HUMAN|HGNC=30951|UniProtKB=Q6ZNG1	0	0	1	0.976418501630282	0.126583	0	0	0	0	0
EH37E0496610	HUMAN|HGNC=22947|UniProtKB=Q8WX94	0	8.61696	0	0	0	0	0	0	0	0
EH37E0497744	HUMAN|HGNC=7623|UniProtKB=Q9UL68	0	0	0	0	0	0	0	0	0	0
EH37E0508106	HUMAN|HGNC=16008|UniProtKB=Q9BYV2	0	0	0	1.10631860026947	0.628403	0	0	0	0	0
EH37E0512496	HUMAN|HGNC=26567|UniProtKB=Q96LZ7	0	0	1	1.16504692962418	0.0887046	3.62435	0	0	0	0
EH37E0515385	HUMAN|HGNC=30506|UniProtKB=Q8IVE3	0	0	0	1.02509717570937	0.06956975	0	0	0	0	0
EH37E0522933	HUMAN|HGNC=28027|UniProtKB=O95876	0	7.19182	0	1.38902425756937	0.127442	0	0	0	0	0
EH37E0525011	HUMAN|HGNC=16287|UniProtKB=Q9UMS0	0	0	0	1.1049948777459	0.180154	0	0	0	0	0
EH37E0527640	HUMAN|HGNC=2858|UniProtKB=Q16854	0	0	0	1.18538207151373	0.319462	4.483	0	0	0	0
EH37E0529408	HUMAN|HGNC=24126|UniProtKB=Q96SQ7	0	12.02716	0	0.767071202404311	0.11744756	0	0	0	0	0
EH37E0536246	HUMAN|HGNC=11457|UniProtKB=O75897	0	0	0	0.85633855779283	0.0988832	0	0	0	0	0
EH37E0537552	HUMAN|HGNC=25621|UniProtKB=Q9NUZ1	0	0	0	0	0	0	0	0	0	0
EH37E0555433	HUMAN|HGNC=25064|UniProtKB=Q0VFZ6	0	0	1	0.74416987164552	0.197895	22.0814	0	0	0	0
EH37E0555764	HUMAN|HGNC=14529|UniProtKB=Q6BEB4	0	0	1	0	0	75.38268	0	0	0	0
EH37E0557471	HUMAN|HGNC=1955|UniProtKB=P02708	0	6.46505	0	0	0	0	0	0	0	0
EH37E0557762	HUMAN|HGNC=21610|UniProtKB=Q9C0E8	0	0	0	0.8086167315721	0.220866	0	0	0	0	0
EH37E0566126	HUMAN|HGNC=1500|UniProtKB=Q92851	0	0	1	0.761090678120741	0.1603355	0	0	0	0	0
EH37E0576732	HUMAN|HGNC=12306|UniProtKB=Q14669	0	0	0	0	0	0	1	0	1	0
EH37E0577435	HUMAN|HGNC=27418|UniProtKB=A6NCS6	0	8.30141	1	0.893181147335065	0.09222205	10.223775	0	0	0	0
EH37E0577718	HUMAN|HGNC=20730|UniProtKB=Q7Z3E5	0	0	0	0.210751263823667	0.01624482	9.2908	0	0	0	0
EH37E0579801	HUMAN|HGNC=19770|UniProtKB=Q6ZVZ8	0	0	0	0	0	0	0	0	0	0
EH37E0581183	HUMAN|HGNC=24756|UniProtKB=Q6ZP01	0	3.72223	0	0	0	0	0	0	0	0
EH37E0584423	HUMAN|HGNC=17721|UniProtKB=Q5TEA3	0	0	1	0	0	8.895635	1	0	1	0
EH37E0587457	HUMAN|HGNC=15916|UniProtKB=Q9P286	0	0	0	0	0	0	0	0	0	0
EH37E0587692	HUMAN|HGNC=16225|UniProtKB=Q5VYV7	0	0	1	1.27925591452014	0.112332	43.39972	0	0	0	0
EH37E0592514	HUMAN|HGNC=29163|UniProtKB=Q9Y2I6	0	0	0	0.791888998129744	0.04686965	0	0	0	0	0
EH37E0593646	HUMAN|HGNC=16243|UniProtKB=Q9H1R3	0	0	0	0	0	0	0	0	0	0
EH37E0593917	HUMAN|HGNC=18318|UniProtKB=Q8IXJ9	0	0	1	0	0	31.20198	0	0	0	0
EH37E0595525	HUMAN|HGNC=15936|UniProtKB=Q14686	0	3.8383	1	2.89056897812442	1.28077	8.33601	0	0	0	0
EH37E0596260	HUMAN|HGNC=16125|UniProtKB=Q9H579	0	3.11174	1	0.371421264637382	0.02045365	49.10376	0	0	0	0
EH37E0597813	HUMAN|HGNC=11986|UniProtKB=P11387	0	0	1	0.051851818461628	0.00023932	8.42859	0	0	0	0
EH37E0599552	HUMAN|HGNC=20478|UniProtKB=Q8NEX6	0	0	0	0	0	0	0	0	0	0
EH37E0599757	HUMAN|HGNC=9019|UniProtKB=Q9Y2B9	0	0	1	0.812901501982301	0.082204865	24.8357	0	0	0	0
EH37E0599882	HUMAN|HGNC=15746|UniProtKB=Q15785	0	0	1	0.147689420966371	0.00241527	9.78576	0	0	0	0
EH37E0600119	HUMAN|HGNC=15856|UniProtKB=Q9Y2B4	0	0	0	0.658626577208022	0.181555	0	0	0	0	0
EH37E0600604	HUMAN|HGNC=13444|UniProtKB=O95528	0	6.91374	1	0	0	9.52998	0	0	0	0
EH37E0601373	HUMAN|HGNC=7670|UniProtKB=Q9Y6Q9	0	0	1	0.549907269943382	0.05276614	12.10137	0	0	0	0
EH37E0601873	HUMAN|HGNC=32594|UniProtKB=Q8TCU6	1	0	0	0	0	0	0	0	0	0
EH37E0608651	HUMAN|HGNC=4371|UniProtKB=Q9UKD1	0	0	1	0	0	16.08025	0	0	0	0
EH37E0612356	HUMAN|HGNC=620|UniProtKB=P05067	0	0	0	0.764840077511866	0.14784575	0	1	0	1	0
EH37E0618581	HUMAN|HGNC=8742|UniProtKB=P48539	0	0	0	0.769309804024835	0.234106666666667	0	0	0	0	0
EH37E0618956	HUMAN|HGNC=11757|UniProtKB=Q07654	0	0	0	0	0	0	0	0	0	0
EH37E0619464	HUMAN|HGNC=12560|UniProtKB=Q5DID0	0	0	0	1.12653972925522	0.213912666666667	0	0	0	0	0
EH37E0620727	HUMAN|HGNC=22967|UniProtKB=P60368	0	0	0	0	0	0	0	0	0	0
EH37E0620767	HUMAN|HGNC=22968|UniProtKB=P60369	0	0	0	0	0	0	0	0	0	0
EH37E0625983	HUMAN|HGNC=30667|UniProtKB=Q9UGT4	0	0	0	0.196570483071904	0.00457395	0	0	0	0	0
EH37E0628200	HUMAN|HGNC=28046|UniProtKB=Q9UDW3	0	0	1	1.04296014017449	0.224780733333333	42.76738	0	0	0	0
EH37E0631667	HUMAN|HGNC=25705|UniProtKB=Q8N5Z5	0	0	0	0.788938347074174	0.0512123725	0	0	0	0	0
EH37E0634615	HUMAN|HGNC=29446|UniProtKB=Q9H4I8	0	0	0	0	0	0	0	0	0	0
EH37E0635173	HUMAN|HGNC=25055|UniProtKB=Q9H4I9	0	4.13614	0	0	0	0	0	0	0	0
EH37E0638717	HUMAN|HGNC=10542|UniProtKB=O95248	0	0	1	0.548289215776232	0.03071855	6.22145	0	0	0	0
EH37E0641083	HUMAN|HGNC=19422|UniProtKB=O75528	0	0	1	0.71404674506676	0.0277605	65.86324	0	0	0	0
EH37E0643392	HUMAN|HGNC=29112|UniProtKB=Q6DN90	0	0	0	1.19882341129642	0.22202165	0	0	0	0	0
EH37E0643396	HUMAN|HGNC=17874|UniProtKB=P62310	0	0	1	0	0	30.1308	0	0	0	0
EH37E0646643	HUMAN|HGNC=28406|UniProtKB=A8MPX8	0	0	0	0	0	0	0	0	0	0
EH37E0647385	HUMAN|HGNC=17899|UniProtKB=Q9NYS0	0	0	1	0	0	0	0	0	0	0
EH37E0652955	HUMAN|HGNC=7562|UniProtKB=Q99836	0	0	1	1.77569668388177	0.3666343	17.4394	0	0	0	0
EH37E0661697	HUMAN|HGNC=30827|UniProtKB=O95990	0	11.08552	0	0.448460348067753	0.0193841	0	0	0	0	0
EH37E0676598	HUMAN|HGNC=29868|UniProtKB=Q9UI15	0	0	0	1.25271193529342	0.404781	0	0	0	0	0
EH37E0681371	HUMAN|HGNC=12563|UniProtKB=P11172	0	0	1	0	0	0	0	0	0	0
EH37E0686384	HUMAN|HGNC=11193|UniProtKB=O95416	0	3.16057	0	0	0	0	0	0	0	0
EH37E0695859	HUMAN|HGNC=26587|UniProtKB=Q8IV35	0	0	0	0	0	0	0	0	0	0
EH37E0698226	HUMAN|HGNC=3155|UniProtKB=Q9H8V3	0	0	1	1.35039494465265	0.097310645	18.37826	0	0	0	0
EH37E0708013	HUMAN|HGNC=28786|UniProtKB=Q7Z5U6	0	5.16315	1	1.14381871315868	0.0943823	9.85063	0	0	0	0
EH37E0708515	HUMAN|HGNC=1027|UniProtKB=Q02338	1	0	1	0	0	11.593355	1	0	0	0
EH37E0711528	HUMAN|HGNC=29246|UniProtKB=Q9P2M4	0	0	1	1.22545003787864	0.06756625	25.55463	0	0	0	0
EH37E0717924	HUMAN|HGNC=11020|UniProtKB=O95436	0	0	0	0.406523689920476	0.0170432	0	0	0	0	0
EH37E0722412	HUMAN|HGNC=13531|UniProtKB=Q9Y2Q0	0	0	1	0	0	26.7579	1	0	0	0
EH37E0724771	HUMAN|HGNC=24959|UniProtKB=Q9BZM3	0	0	0	0	0	0	0	0	0	0
EH37E0727728	HUMAN|HGNC=30285|UniProtKB=Q7L099	0	0	1	1.91853288674576	0.287701	0	1	0	0	0
EH37E0729179	HUMAN|HGNC=30904|UniProtKB=O60763	0	0	1	0	0	31.3856	0	0	0	0
EH37E0729677	HUMAN|HGNC=34343|UniProtKB=Q6ZV65	0	0	1	1.004807074398	0.260627975	21.92143	0	0	0	0
EH37E0734049	HUMAN|HGNC=4876|UniProtKB=Q15034	0	0	0	0	0	0	0	0	0	0
EH37E0742156	HUMAN|HGNC=1330|UniProtKB=Q9NPC6	0	8.87179	0	0.614749990129759	0.108561	0	0	0	0	0
EH37E0758988	HUMAN|HGNC=24573|UniProtKB=Q8TAT5	0	0	1	0	0	5.49923	0	0	0	0
EH37E0762971	HUMAN|HGNC=30378|UniProtKB=O60645	0	0	1	0	0	8.75713	0	0	0	0
EH37E0765077	HUMAN|HGNC=28758|UniProtKB=Q14CZ7	0	0	1	0.439625127946507	0.059419995	10.545955	0	0	0	0
EH37E0774199	HUMAN|HGNC=4263|UniProtKB=P10912	0	0	0	0.686918890431802	0.04773429	0	0	0	0	0
EH37E0777127	HUMAN|HGNC=3466|UniProtKB=Q9NQ30	0	0	0	0.914063952821689	0.126416	0	0	0	0	0
EH37E0786153	HUMAN|HGNC=6588|UniProtKB=Q6ZUX7	0	0	0	0.772704469173844	0.030079775	0	0	0	0	0
EH37E0792626	HUMAN|HGNC=25959|UniProtKB=Q9NXP7	0	0	1	0.470606309896701	0.0463310333333333	49.5159	0	0	0	0
EH37E0801681	HUMAN|HGNC=10968|UniProtKB=Q9H015	0	0	1	0	0	27.61366	0	0	0	0
EH37E0801841	HUMAN|HGNC=16496|UniProtKB=Q9UKU0	0	0	0	0.390313947682658	0.0197449	0	0	0	0	0
EH37E0804235	HUMAN|HGNC=2509|UniProtKB=P35221	0	0	0	0.0460025831030596	0.000125607	0	0	0	0	0
EH37E0804373	HUMAN|HGNC=1724|UniProtKB=Q9UJX2	0	0	1	0	0	9.17024	0	0	0	0
EH37E0804674	HUMAN|HGNC=26943|UniProtKB=Q7LFL8	0	6.50598	0	0	0	0	0	0	0	0
EH37E0805430	HUMAN|HGNC=8693|UniProtKB=Q9UN66	1	10.7569	0	0	0	0	0	0	0	0
EH37E0805884	HUMAN|HGNC=8676|UniProtKB=Q9H158	0	0	0	1.09356143403262	0.23821455	0	0	0	0	0
EH37E0805962	HUMAN|HGNC=8667|UniProtKB=Q9Y5I0	0	0	0	0	0	0	0	0	0	0
EH37E0810587	HUMAN|HGNC=3596|UniProtKB=Q9NYQ8	0	0	0	0	0	0	0	0	0	0
EH37E0812377	HUMAN|HGNC=6171|UniProtKB=Q08881	0	10.69371	1	0.563764733961034	0.0242901	28.50594	0	0	0	0
EH37E0813736	HUMAN|HGNC=12391|UniProtKB=Q99614	0	0	1	0.985442158086894	0.048284	0	0	0	0	0
EH37E0818019	HUMAN|HGNC=863|UniProtKB=O15342	1	10.60489	1	0.194257910222319	0.00622414	0	1	0	1	0
EH37E0819334	HUMAN|HGNC=24835|UniProtKB=Q7Z2K8	0	0	0	0	0	0	0	0	0	0
EH37E0820936	HUMAN|HGNC=11280|UniProtKB=Q13501	0	0	1	0.894683026069086	0.117591052416667	15.33867	0	0	0	0
EH37E0821844	HUMAN|HGNC=3810|UniProtKB=Q12947	0	0	0	0.642013669653571	0.136369625	0	0	0	0	0
EH37E0822904	HUMAN|HGNC=1094|UniProtKB=Q86WA6	0	4.03348	1	1.85549548162743	0.115283	0	0	0	0	0
EH37E0834743	HUMAN|HGNC=18795|UniProtKB=O15205	0	6.20536	0	0	0	0	0	0	0	0
EH37E0836001	HUMAN|HGNC=10018|UniProtKB=Q06587	0	0	0	0	0	0	0	0	0	0
EH37E0836554	HUMAN|HGNC=21215|UniProtKB=Q9H6K1	0	6.89956	1	0	0	15.14097	0	0	0	0
EH37E0836851	HUMAN|HGNC=13655|UniProtKB=Q8IX30	0	0	0	0.650443922386054	0.0874214	0	0	0	0	0
EH37E0838371	HUMAN|HGNC=1784|UniProtKB=P38936	0	0	1	0	0	0	1	0	0	0
EH37E0841449	HUMAN|HGNC=1157|UniProtKB=Q13895	0	0	1	1.4764487697024	0.568506	57.22491	0	0	0	0
EH37E0852382	HUMAN|HGNC=21107|UniProtKB=Q5TB80	0	0	1	1.48971143377268	0.17825	0	0	0	0	0
EH37E0853272	HUMAN|HGNC=21407|UniProtKB=Q53H80	0	0	1	1.46952313675266	0.172504	19.30474	0	0	0	0
EH37E0857598	HUMAN|HGNC=21020|UniProtKB=Q9H0R6	0	0	0	0	0	26.58591	0	0	0	0
EH37E0858910	HUMAN|HGNC=11174|UniProtKB=O60493	0	0	0	1.05095499900475	0.133988266666667	0	0	0	0	0
EH37E0872326	HUMAN|HGNC=9046|UniProtKB=Q9UM63	0	0	0	0.775970255985943	0.128103	0	0	0	0	0
EH37E0884988	HUMAN|HGNC=22231|UniProtKB=Q400G9	0	0	0	0.515655908123274	0.107143133333333	0	0	0	0	0
EH37E0891751	HUMAN|HGNC=30777|UniProtKB=Q96GN5	0	0	0	0.709371940838135	0.04970505	0	0	0	0	0
EH37E0892929	HUMAN|HGNC=1553|UniProtKB=Q13185	0	0	1	0.688848169892065	0.1631143	57.89551	0	0	0	0
EH37E0895216	HUMAN|HGNC=4162|UniProtKB=P41250	0	0	1	0	0	45.80145	0	0	0	0
EH37E0897842	HUMAN|HGNC=22223|UniProtKB=Q7L9B9	0	0	1	1.20442883123841	0.122307866666667	9.43933	0	0	0	0
EH37E0901508	HUMAN|HGNC=9253|UniProtKB=P62937	0	0	1	0.835608224100923	0.033400525	12.62125	0	0	0	0
EH37E0932099	HUMAN|HGNC=29211|UniProtKB=A4D1T9	0	0	0	0	0	0	0	0	0	0
EH37E0939485	HUMAN|HGNC=2762|UniProtKB=P59666	0	0	0	0	0	0	0	0	0	0
EH37E0941446	HUMAN|HGNC=32222|UniProtKB=P0C5J1	0	0	0	0	0	0	0	0	0	0
EH37E0944563	HUMAN|HGNC=23360|UniProtKB=Q8N163	0	0	1	0	0	0	0	0	0	0
EH37E0945564	HUMAN|HGNC=6666|UniProtKB=Q9Y4K0	0	0	1	0	0	6.88627	0	0	0	0
EH37E0947947	HUMAN|HGNC=25592|UniProtKB=Q9NV88	0	0	1	0	0	37.46107	0	0	0	0
EH37E0950786	HUMAN|HGNC=744|UniProtKB=Q9UBL3	1	0	1	0	0	62.1523	0	0	0	0
EH37E0959311	HUMAN|HGNC=26193|UniProtKB=Q1MSJ5	0	0	1	0	0	80.09822	0	0	0	0
EH37E0977143	HUMAN|HGNC=536|UniProtKB=P27216	0	0	0	0	0	0	0	0	0	0
EH37E0981444	HUMAN|HGNC=10862|UniProtKB=Q11201	0	0	1	0.49495037703866	0.0174181	12.16268	0	0	0	0
EH37E0985430	HUMAN|HGNC=28947|UniProtKB=Q50LG9	0	0	1	0	0	0	0	0	0	0
EH37E0994921	HUMAN|HGNC=636|UniProtKB=Q92482	0	0	0	0.645218852070885	0.03516715	0	0	0	0	0
EH37E1004137	HUMAN|HGNC=24340|UniProtKB=Q5VZE5	0	0	1	0	0	16.82713	0	0	0	0
EH37E1004701	HUMAN|HGNC=28660|UniProtKB=Q9BUE6	0	0	1	0	0	0	0	0	0	0
EH37E1007460	HUMAN|HGNC=17208|UniProtKB=Q8TD16	0	0	1	0	0	20.91982	0	0	0	0
EH37E1007837	HUMAN|HGNC=8920|UniProtKB=O75151	0	0	1	1.04118199794193	0.0668883333333333	9.46642	0	0	0	0
EH37E1013073	HUMAN|HGNC=9813|UniProtKB=P54727	0	4.1017	1	0	0	25.01421	0	0	0	0
EH37E1016394	HUMAN|HGNC=9999|UniProtKB=P49796	0	0	0	0.335255604121041	0.0270448	0	0	0	0	0
EH37E1020665	HUMAN|HGNC=16896|UniProtKB=Q7Z6M1	0	0	1	1.28785641230888	0.294584333333333	5.49173	0	0	0	0
EH37E1025702	HUMAN|HGNC=11011|UniProtKB=Q9UGQ3	0	0	1	0.744385384757542	0.123513444444444	0	0	0	0	0
EH37E1026581	HUMAN|HGNC=28435|UniProtKB=Q5BN46	0	0	1	0.919674520439494	0.0724086	0	0	0	0	0
EH37E1039764	HUMAN|HGNC=6106|UniProtKB=Q9BZS1	1	10.79394	0	0	0	0	0	0	0	0
EH37E1039811	HUMAN|HGNC=18709|UniProtKB=Q8WWL7	1	10.14631	0	0	0	0	1	0	0	0
EH37E1046240	HUMAN|HGNC=29245|UniProtKB=Q8NET4	0	0	0	0	0	0	0	0	0	0
EH37E1047184	HUMAN|HGNC=24971|UniProtKB=Q9P127	0	0	0	0	0	0	0	0	0	0
EH37E1053391	HUMAN|HGNC=9101|UniProtKB=P51805	0	0	0	0.563536972837935	0.034561225	0	0	0	0	0
28137	HUMAN|HGNC=6547|UniProtKB=P01130	1	7.17239	1	0.677613737299693	0.053109	0	1	0	1	1
29328	HUMAN|HGNC=613|UniProtKB=P02649	1	8.42162	1	0.533953974970931	0.08144815	31.78942	0	278.7379	0	1
29330	HUMAN|HGNC=18001|UniProtKB=O96008	1	5.72908	1	0.390792574780249	0.00720642	30.24628	0	0	0	1
36505	HUMAN|HGNC=5024|UniProtKB=P41235	1	0	1	0	0	0	1	333.11822	1	1
57973	HUMAN|HGNC=2637|UniProtKB=P08684	0	7.09277	0	0	0	0	1	0	0	1
67975	HUMAN|HGNC=4124|UniProtKB=Q10471	1	11.65459	0	1.19355374022651	0.09700150875	0	1	0	1	1
78982	HUMAN|HGNC=18001|UniProtKB=O96008	1	5.72908	1	0.390792574780249	0.00720642	30.24628	0	0	0	1
86759	HUMAN|HGNC=74|UniProtKB=Q9UNQ0	1	0	0	2.25317996826761	0.221197	0	1	171.65852	1	1
CM_10	HUMAN|HGNC=23089|UniProtKB=Q86YT5	0	0	1	0.45973102905602	0.0232997	0	0	0	0	1
CM_11	HUMAN|HGNC=4017|UniProtKB=P51993	0	4.60617	1	0.3887483260743	0.0310543	0	1	0	0	1
CM_12	HUMAN|HGNC=6547|UniProtKB=P01130	1	0	1	0	0	0	1	0	1	1
CM_13	HUMAN|HGNC=2615|UniProtKB=P20813	0	0	0	0.94525802000377	0.07631587	0	0	0	0	1
CM_16	HUMAN|HGNC=18001|UniProtKB=O96008	0	7.40894	1	0.922502954366451	0.0482061075	30.24628	1	0	1	1
CM_17	HUMAN|HGNC=18001|UniProtKB=O96008	1	8.53267	1	1.04548029737455	0.0559108142857143	30.24628	0	42.55512	0	1
CM_1	HUMAN|HGNC=74|UniProtKB=Q9UNQ0	0	0	0	0	0	0	1	0	0	1
CM_2	HUMAN|HGNC=74|UniProtKB=Q9UNQ0	0	0	0	1.26113990974344	0.128112	0	1	0	1	1
CM_3	HUMAN|HGNC=74|UniProtKB=Q9UNQ0	0	0	0	1.26113990974344	0.128112	0	1	0	1	1
CM_4	HUMAN|HGNC=74|UniProtKB=Q9UNQ0	0	0	0	0.859430614086419	0.05773885	0	1	0	1	1
CM_5	HUMAN|HGNC=74|UniProtKB=Q9UNQ0	0	0	0	0	0	0	0	0	0	1
CM_6	HUMAN|HGNC=12698|UniProtKB=P98155	0	5.0195	0	2.70979455601834	0.451898	0	1	0	1	1
CM_7	HUMAN|HGNC=1869|UniProtKB=P11597	0	0	0	3.39702832035526	0.286012	0	1	0	0	1
CM_8	HUMAN|HGNC=1869|UniProtKB=P11597	0	0	0	3.54191358977212	0.31754	0	1	0	0	1
CM_9	HUMAN|HGNC=23089|UniProtKB=Q86YT5	0	0	1	1.34593985621804	0.139767	0	1	0	0	1
EH37E0113574	HUMAN|HGNC=8821|UniProtKB=Q5T2W1	1	12.01117	1	0	0	0	1	0	0	1
EH37E0113575	HUMAN|HGNC=8821|UniProtKB=Q5T2W1	1	12.01117	1	0.341890238940945	0.0111631	0	1	75.47619	0	1
EH37E0145522	HUMAN|HGNC=4124|UniProtKB=Q10471	1	0	0	1.12840056659752	0.04853915	0	1	151.12626	1	1
EH37E0194449	HUMAN|HGNC=11641|UniProtKB=Q9NQB0	0	3.93179	1	0	0	13.29071	1	0	1	1
EH37E0194450	HUMAN|HGNC=11641|UniProtKB=Q9NQB0	0	3.93179	1	0.554570808645002	0.0325729	13.29071	1	0	1	1
EH37E0492388	HUMAN|HGNC=613|UniProtKB=P02649	1	8.42162	1	0.533953974970931	0.08144815	31.78942	0	278.7379	0	1
EH37E0492392	HUMAN|HGNC=18001|UniProtKB=O96008	1	5.72908	1	0.376618722213789	0.006703125	30.24628	0	0	0	1
EH37E0508180	HUMAN|HGNC=4196|UniProtKB=Q14397	0	6.59918	1	0.426090427220906	0.0167045	14.362505	1	0	1	1
EH37E0634729	HUMAN|HGNC=2625|UniProtKB=P10635	0	0	0	1.57235684305856	0.160197733333333	0	0	0	0	1
EH37E0634730	HUMAN|HGNC=2625|UniProtKB=P10635	0	0	0	2.18605844283592	0.3295655	0	0	0	0	1
EH37E0734065	HUMAN|HGNC=74|UniProtKB=Q9UNQ0	0	0	0	1.44989306764973	0.1333205	0	0	0	0	1
EH37E0734124	HUMAN|HGNC=74|UniProtKB=Q9UNQ0	1	0	0	1.80096773673535	0.1794625	0	1	171.65852	1	1
EH37E0901697	HUMAN|HGNC=5469|UniProtKB=P08833	1	18.43668	1	0.785373500811839	0.10551842	78.67653	1	261.2379	0	1
EH37E0917066	HUMAN|HGNC=2637|UniProtKB=P08684	0	7.09277	0	0	0	0	1	0	0	1
EH37E0917068	HUMAN|HGNC=2637|UniProtKB=P08684	1	7.09277	0	1.60900428037722	0.323133	0	1	23.30444	0	1
