enhancer	gene	H3K27ac_enhancer	H3K4me1	H3K4me3	eQTL_Zscore	coeff_abs	H3K27ac_promoter	nearest	p300	intronic_target	truelink
14269	HUMAN|HGNC=2243|UniProtKB=P61923	1	5.42232	1	0.708829472780622	0.0239966	40.44855	1	295.31887	1	1
14269	HUMAN|HGNC=5031|UniProtKB=P09651	1	5.42232	1	0.802536996204001	0.0349034	52.78368	0	295.31887	0	1
14269	HUMAN|HGNC=7780|UniProtKB=Q16621	1	5.42232	1	0.696840597914878	0.0172133	40.44855	0	295.31887	0	1
14270	HUMAN|HGNC=5031|UniProtKB=P09651	1	7.19125	1	1.09507727575407	0.118885	52.78368	0	79.91898	0	1
14270	HUMAN|HGNC=7780|UniProtKB=Q16621	1	7.19125	1	0.661384586782809	0.0330069	40.44855	0	79.91898	0	1
28200	HUMAN|HGNC=6205|UniProtKB=P17275	1	44.26593	1	0.961611690294443	0.1099577	6.53775	0	0	0	1
28200	HUMAN|HGNC=9353|UniProtKB=P32119	1	44.26593	1	0.783060243305257	0.0605978666666667	0	0	0	0	1
28202	HUMAN|HGNC=6205|UniProtKB=P17275	1	12.95445	1	0.744119401949377	0.0632173325	6.53775	0	173.5572	0	1
28202	HUMAN|HGNC=9353|UniProtKB=P32119	1	12.95445	1	1.28326165224161	0.12161175	0	0	173.5572	0	1
28205	HUMAN|HGNC=6205|UniProtKB=P17275	1	11.6127	1	0.768891835851783	0.0575366	6.53775	0	36.1457	0	1
28210	HUMAN|HGNC=2960|UniProtKB=O00115	1	13.75449	1	3.53270688909221	0.217928	11.13361	0	50.94264	0	1
29521	HUMAN|HGNC=977|UniProtKB=O15382	1	20.14634	1	1.67585173465762	0.140899466666667	7.641255	0	0	0	1
29525	HUMAN|HGNC=3999|UniProtKB=P02792	1	33.22091	1	1.24430857951031	0.044359775	68.23602	0	46.22938	0	1
29526	HUMAN|HGNC=3999|UniProtKB=P02792	1	23.70694	1	0	0	68.23602	1	108.00477	0	1
58895	HUMAN|HGNC=7553|UniProtKB=P01106	1	16.56446	1	1.11895518906388	0.182737	9.445795	0	0	0	1
65041	HUMAN|HGNC=9087|UniProtKB=Q04941	1	0	0	0.997669665662936	0.0197049	5.72452	0	34.57045	0	1
65050	HUMAN|HGNC=9087|UniProtKB=Q04941	1	0	0	0	0	5.72452	0	0	0	1
65051	HUMAN|HGNC=9087|UniProtKB=Q04941	1	11.60339	0	1.25240758845022	0.07850165	5.72452	0	0	0	1
78694	HUMAN|HGNC=2960|UniProtKB=O00115	1	11.80888	1	0.638204747885486	0.0877091	11.13361	1	0	0	1
79066	HUMAN|HGNC=3999|UniProtKB=P02792	0	4.73108	1	0.790496664094815	0.0179717	68.23602	0	0	0	1
83879	HUMAN|HGNC=4722|UniProtKB=Q92522	0	8.35361	1	0.416185047123883	0.0221507	8.57224	0	0	0	1
91741	HUMAN|HGNC=7553|UniProtKB=P01106	1	3.72912	1	0.815705093205806	0.08330918	9.445795	0	334.19473	0	1
94506	HUMAN|HGNC=9330|UniProtKB=O60828	1	14.4807	1	0	0	47.48151	0	0	0	1
EH37E0268851	HUMAN|HGNC=2243|UniProtKB=P61923	1	5.42232	1	0.708829472780622	0.0239966	40.44855	1	295.31887	1	1
EH37E0268851	HUMAN|HGNC=5031|UniProtKB=P09651	1	5.42232	1	0.802536996204001	0.0349034	52.78368	0	295.31887	0	1
EH37E0268851	HUMAN|HGNC=7780|UniProtKB=Q16621	1	5.42232	1	0.696840597914878	0.0172133	40.44855	0	295.31887	0	1
EH37E0268852	HUMAN|HGNC=5031|UniProtKB=P09651	1	7.19125	1	1.09507727575407	0.118885	52.78368	0	79.91898	0	1
EH37E0268852	HUMAN|HGNC=7780|UniProtKB=Q16621	1	7.19125	1	0.661384586782809	0.0330069	40.44855	0	79.91898	0	1
EH37E0482295	HUMAN|HGNC=6205|UniProtKB=P17275	0	0	1	0.298384684495146	0.00647082	6.53775	0	0	0	1
EH37E0482314	HUMAN|HGNC=2960|UniProtKB=O00115	1	13.75449	1	3.53270688909221	0.217928	11.13361	0	50.94264	0	1
EH37E0482317	HUMAN|HGNC=6345|UniProtKB=Q13351	1	2.99616	1	1.14578636373229	0.1040761	67.17977	0	0	0	1
EH37E0482319	HUMAN|HGNC=6345|UniProtKB=Q13351	0	9.65402	1	0.732777090389439	0.0404508333333333	67.17977	0	0	0	1
EH37E0482503	HUMAN|HGNC=9353|UniProtKB=P32119	0	4.47138	1	0.870662912352016	0.0673565	0	0	0	0	1
EH37E0494242	HUMAN|HGNC=4012|UniProtKB=P19526	1	6.86144	0	0.986669845154069	0.0631789	0	0	26.93749	0	1
EH37E0494264	HUMAN|HGNC=3999|UniProtKB=P02792	0	4.73108	1	0	0	68.23602	0	0	0	1
EH37E0494286	HUMAN|HGNC=3999|UniProtKB=P02792	1	10.73578	1	0	0	68.23602	0	0	0	1
EH37E0494286	HUMAN|HGNC=8043|UniProtKB=Q02818	1	10.73578	1	0	0	8.458415	0	0	0	1
EH37E0682956	HUMAN|HGNC=10381|UniProtKB=P04843	1	46.69964	1	0	0	81.25214	0	0	0	1
EH37E0683421	HUMAN|HGNC=4722|UniProtKB=Q92522	0	0	1	0.531548020968788	0.0223789	8.57224	0	0	0	1
EH37E0683447	HUMAN|HGNC=4722|UniProtKB=Q92522	1	5.28195	1	0	0	8.57224	0	0	0	1
EH37E0979124	HUMAN|HGNC=7553|UniProtKB=P01106	1	4.86885	1	0.698562821253498	0.02045826	9.445795	0	353.72832	0	1
EH37E1039305	HUMAN|HGNC=14064|UniProtKB=Q9UBN7	0	0	1	2.11510273598846	0.101252	24.125895	0	0	0	1
EH37E1039400	HUMAN|HGNC=9087|UniProtKB=Q04941	0	5.12708	0	0	0	5.72452	0	0	0	1
EH37E1039488	HUMAN|HGNC=9087|UniProtKB=Q04941	1	6.87844	0	0	0	5.72452	0	234.88934	0	1
EH37E1039489	HUMAN|HGNC=14064|UniProtKB=Q9UBN7	1	7.49018	1	0.209305379959765	0.00324673	24.125895	0	0	0	1
EH37E1039489	HUMAN|HGNC=4170|UniProtKB=P15976	1	7.49018	1	1.27489169041758	0.075126	12.48447	1	0	0	1
EH37E1039489	HUMAN|HGNC=9087|UniProtKB=Q04941	1	7.49018	0	0.949026432659531	0.0462609	5.72452	0	0	0	1
EH37E1039490	HUMAN|HGNC=9087|UniProtKB=Q04941	1	0	0	0.997669665662936	0.0197049	5.72452	0	34.57045	0	1
EH37E1039494	HUMAN|HGNC=9087|UniProtKB=Q04941	1	38.29326	0	0	0	5.72452	0	0	0	1
EH37E1039495	HUMAN|HGNC=9087|UniProtKB=Q04941	1	38.29326	0	0	0	5.72452	0	38.0051	0	1
EH37E1039522	HUMAN|HGNC=9330|UniProtKB=O60828	1	6.46607	1	0	0	47.48151	0	0	0	1
EH37E1039523	HUMAN|HGNC=9330|UniProtKB=O60828	1	14.4807	1	0	0	47.48151	0	114.91098	0	1
EH37E1039524	HUMAN|HGNC=9330|UniProtKB=O60828	1	9.73713	1	0	0	47.48151	0	0	0	1
EH37E1039525	HUMAN|HGNC=9330|UniProtKB=O60828	1	9.73713	1	1.49025372936885	0.07505685	47.48151	0	86.17088	0	1
EH37E1039575	HUMAN|HGNC=9087|UniProtKB=Q04941	1	0	0	0	0	5.72452	0	0	0	1
EH37E1039576	HUMAN|HGNC=9087|UniProtKB=Q04941	1	0	0	1.42119137262857	0.10317	5.72452	0	111.26891	0	1
EH37E1039581	HUMAN|HGNC=9087|UniProtKB=Q04941	1	11.60339	0	1.32556313013869	0.0816470333333333	5.72452	0	0	0	1
EH37E1039589	HUMAN|HGNC=9087|UniProtKB=Q04941	1	6.24219	0	1.39357389713053	0.095732805	5.72452	0	0	0	1
EH37E1039601	HUMAN|HGNC=9087|UniProtKB=Q04941	1	3.96524	0	0.458248621569933	0.0177405	5.72452	0	0	0	1
EH37E1039614	HUMAN|HGNC=4170|UniProtKB=P15976	1	7.66522	1	1.07751332369821	0.021169765	12.48447	0	125.62448	0	1
14280	HUMAN|HGNC=2243|UniProtKB=P61923	1	6.57831	1	0.759297602669638	0.0599717	40.44855	0	0	0	0
14280	HUMAN|HGNC=5031|UniProtKB=P09651	1	6.57831	1	0.641831971084923	0.0585376	52.78368	0	0	0	0
14280	HUMAN|HGNC=7780|UniProtKB=Q16621	1	6.57831	1	0.527748804374688	0.02671508	40.44855	0	0	0	0
28226	HUMAN|HGNC=1455|UniProtKB=P27797	0	4.37586	1	0	0	21.45532	0	0	0	0
28226	HUMAN|HGNC=18518|UniProtKB=O75792	0	4.37586	1	0	0	31.42972	0	0	0	0
28226	HUMAN|HGNC=28424|UniProtKB=Q9BQ61	0	4.37586	1	0	0	10.362305	0	0	0	0
28226	HUMAN|HGNC=2869|UniProtKB=P49366	0	4.37586	0	0	0	0	0	0	0	0
28226	HUMAN|HGNC=2960|UniProtKB=O00115	0	4.37586	1	0	0	11.13361	0	0	0	0
28226	HUMAN|HGNC=30203|UniProtKB=Q9Y284	0	4.37586	0	0	0	0	0	0	0	0
28226	HUMAN|HGNC=6205|UniProtKB=P17275	0	4.37586	1	0	0	6.53775	0	0	0	0
28226	HUMAN|HGNC=6345|UniProtKB=Q13351	0	4.37586	1	0	0	67.17977	0	0	0	0
28226	HUMAN|HGNC=6734|UniProtKB=P12980	0	4.37586	0	0	0	46.02402	0	0	0	0
28226	HUMAN|HGNC=9353|UniProtKB=P32119	0	4.37586	1	0	0	0	0	0	0	0
28226	HUMAN|HGNC=9812|UniProtKB=P54725	0	4.37586	1	0	0	5.61245	0	0	0	0
40547	HUMAN|HGNC=4722|UniProtKB=Q92522	0	0	1	0	0	8.57224	0	0	0	0
40577	HUMAN|HGNC=10381|UniProtKB=P04843	1	8.65538	1	0	0	81.25214	0	0	0	0
40577	HUMAN|HGNC=13164|UniProtKB=P62633	1	8.65538	1	0	0	20.366525	0	0	0	0
40577	HUMAN|HGNC=4722|UniProtKB=Q92522	1	8.65538	1	0	0	8.57224	0	0	0	0
65034	HUMAN|HGNC=14064|UniProtKB=Q9UBN7	0	0	1	0	0	24.125895	0	0	0	0
65034	HUMAN|HGNC=4170|UniProtKB=P15976	0	0	1	0	0	12.48447	0	0	0	0
65034	HUMAN|HGNC=9087|UniProtKB=Q04941	0	0	0	0	0	5.72452	0	0	0	0
65034	HUMAN|HGNC=9330|UniProtKB=O60828	0	0	1	0	0	47.48151	0	0	0	0
94503	HUMAN|HGNC=14064|UniProtKB=Q9UBN7	0	0	1	0	0	24.125895	0	0	0	0
94503	HUMAN|HGNC=4170|UniProtKB=P15976	0	0	1	0	0	12.48447	0	0	0	0
94503	HUMAN|HGNC=9087|UniProtKB=Q04941	0	0	0	0	0	5.72452	0	0	0	0
94503	HUMAN|HGNC=9330|UniProtKB=O60828	0	0	1	0	0	47.48151	0	0	0	0
EH37E0268590	HUMAN|HGNC=2243|UniProtKB=P61923	0	3.24594	1	0.337524253428224	0.00310962	40.44855	0	0	0	0
EH37E0268590	HUMAN|HGNC=5031|UniProtKB=P09651	0	3.24594	1	0.488512353873744	0.00732417	52.78368	0	0	0	0
EH37E0268590	HUMAN|HGNC=6141|UniProtKB=P08648	0	3.24594	1	0.943462326615247	0.0239651	9.91838	0	0	0	0
EH37E0268590	HUMAN|HGNC=7780|UniProtKB=Q16621	0	3.24594	1	1.62648787296856	0.0305418	40.44855	0	0	0	0
EH37E0268683	HUMAN|HGNC=2243|UniProtKB=P61923	0	0	1	0	0	40.44855	0	0	0	0
EH37E0268683	HUMAN|HGNC=5031|UniProtKB=P09651	0	0	1	0	0	52.78368	0	0	0	0
EH37E0268683	HUMAN|HGNC=6141|UniProtKB=P08648	0	0	1	0	0	9.91838	0	0	0	0
EH37E0268683	HUMAN|HGNC=7780|UniProtKB=Q16621	0	0	1	0	0	40.44855	0	0	0	0
EH37E0268699	HUMAN|HGNC=2243|UniProtKB=P61923	0	22.26987	1	0	0	40.44855	0	0	0	0
EH37E0268699	HUMAN|HGNC=5031|UniProtKB=P09651	0	22.26987	1	0	0	52.78368	0	0	0	0
EH37E0268699	HUMAN|HGNC=6141|UniProtKB=P08648	0	22.26987	1	0	0	9.91838	0	0	0	0
EH37E0268699	HUMAN|HGNC=7780|UniProtKB=Q16621	0	22.26987	1	0	0	40.44855	0	0	0	0
EH37E0268700	HUMAN|HGNC=2243|UniProtKB=P61923	0	22.26987	1	0.185612173866376	0.001063088	40.44855	0	0	0	0
EH37E0268700	HUMAN|HGNC=5031|UniProtKB=P09651	0	22.26987	1	1.72451385054907	0.05763595	52.78368	0	0	0	0
EH37E0268700	HUMAN|HGNC=6141|UniProtKB=P08648	0	22.26987	1	1.02811472564053	0.0298143	9.91838	0	0	0	0
EH37E0268700	HUMAN|HGNC=7780|UniProtKB=Q16621	0	22.26987	1	1.32611707775889	0.0252871	40.44855	0	0	0	0
EH37E0268722	HUMAN|HGNC=2243|UniProtKB=P61923	0	0	1	0	0	40.44855	0	0	0	0
EH37E0268722	HUMAN|HGNC=5031|UniProtKB=P09651	0	0	1	0	0	52.78368	0	0	0	0
EH37E0268722	HUMAN|HGNC=6141|UniProtKB=P08648	0	0	1	0	0	9.91838	0	0	0	0
EH37E0268722	HUMAN|HGNC=7780|UniProtKB=Q16621	0	0	1	0	0	40.44855	0	0	0	0
EH37E0268745	HUMAN|HGNC=2243|UniProtKB=P61923	1	0	1	1.00565982953288	0.0208067	40.44855	0	0	0	0
EH37E0268745	HUMAN|HGNC=5031|UniProtKB=P09651	1	0	1	2.46412310290693	0.0820761	52.78368	0	0	0	0
EH37E0268745	HUMAN|HGNC=6141|UniProtKB=P08648	1	0	1	0.367675578541071	0.0046276	9.91838	0	0	0	0
EH37E0268745	HUMAN|HGNC=7780|UniProtKB=Q16621	1	0	1	1.77181745400638	0.0340817	40.44855	0	0	0	0
EH37E0268775	HUMAN|HGNC=2243|UniProtKB=P61923	0	0	1	0	0	40.44855	0	0	0	0
EH37E0268775	HUMAN|HGNC=5031|UniProtKB=P09651	0	0	1	0	0	52.78368	0	0	0	0
EH37E0268775	HUMAN|HGNC=6141|UniProtKB=P08648	0	0	1	0	0	9.91838	0	0	0	0
EH37E0268775	HUMAN|HGNC=7780|UniProtKB=Q16621	0	0	1	0	0	40.44855	0	0	0	0
EH37E0268792	HUMAN|HGNC=2243|UniProtKB=P61923	0	4.42783	1	0	0	40.44855	0	0	0	0
EH37E0268792	HUMAN|HGNC=5031|UniProtKB=P09651	0	4.42783	1	0	0	52.78368	0	0	0	0
EH37E0268792	HUMAN|HGNC=6141|UniProtKB=P08648	0	4.42783	1	0	0	9.91838	0	0	0	0
EH37E0268792	HUMAN|HGNC=7780|UniProtKB=Q16621	0	4.42783	1	0	0	40.44855	0	0	0	0
EH37E0268798	HUMAN|HGNC=2243|UniProtKB=P61923	0	10.65366	1	1.5403769200126	0.07395955	40.44855	0	0	0	0
EH37E0268798	HUMAN|HGNC=5031|UniProtKB=P09651	0	10.65366	1	1.63398694020398	0.07603015	52.78368	0	0	0	0
EH37E0268798	HUMAN|HGNC=6141|UniProtKB=P08648	0	10.65366	1	1.22068444324697	0.11640065	9.91838	0	0	0	0
EH37E0268798	HUMAN|HGNC=7780|UniProtKB=Q16621	0	10.65366	1	1.07960963552686	0.05829741	40.44855	0	0	0	0
EH37E0268805	HUMAN|HGNC=2243|UniProtKB=P61923	0	0	1	1.20874713351946	0.0296288	40.44855	0	0	0	0
EH37E0268805	HUMAN|HGNC=5031|UniProtKB=P09651	0	0	1	2.01935491602751	0.0698316	52.78368	0	0	0	0
EH37E0268805	HUMAN|HGNC=6141|UniProtKB=P08648	0	0	1	0.616282947458248	0.0128119	9.91838	0	0	0	0
EH37E0268805	HUMAN|HGNC=7780|UniProtKB=Q16621	0	0	1	1.53282688484547	0.0304825	40.44855	0	0	0	0
EH37E0268840	HUMAN|HGNC=2243|UniProtKB=P61923	1	4.85864	1	0	0	40.44855	0	0	0	0
EH37E0268840	HUMAN|HGNC=5031|UniProtKB=P09651	1	4.85864	1	0	0	52.78368	1	0	0	0
EH37E0268840	HUMAN|HGNC=6141|UniProtKB=P08648	1	4.85864	1	0	0	9.91838	0	0	0	0
EH37E0268840	HUMAN|HGNC=7780|UniProtKB=Q16621	1	4.85864	1	0	0	40.44855	0	0	0	0
EH37E0268841	HUMAN|HGNC=2243|UniProtKB=P61923	1	0	1	0	0	40.44855	0	0	0	0
EH37E0268841	HUMAN|HGNC=5031|UniProtKB=P09651	1	0	1	0	0	52.78368	1	0	0	0
EH37E0268841	HUMAN|HGNC=6141|UniProtKB=P08648	1	0	1	0	0	9.91838	0	0	0	0
EH37E0268841	HUMAN|HGNC=7780|UniProtKB=Q16621	1	0	1	0	0	40.44855	0	0	0	0
EH37E0268849	HUMAN|HGNC=2243|UniProtKB=P61923	1	0	1	2.42344326312998	0.113205	40.44855	0	0	0	0
EH37E0268849	HUMAN|HGNC=5031|UniProtKB=P09651	1	0	1	6.07288377150035	0.355039	52.78368	0	0	0	0
EH37E0268849	HUMAN|HGNC=6141|UniProtKB=P08648	1	0	1	2.73355047241753	0.165253	9.91838	0	0	0	0
EH37E0268875	HUMAN|HGNC=2243|UniProtKB=P61923	1	10.49751	1	0	0	40.44855	0	0	0	0
EH37E0268875	HUMAN|HGNC=5031|UniProtKB=P09651	1	10.49751	1	0	0	52.78368	0	0	0	0
EH37E0268875	HUMAN|HGNC=6141|UniProtKB=P08648	1	10.49751	1	0	0	9.91838	0	0	0	0
EH37E0268875	HUMAN|HGNC=7780|UniProtKB=Q16621	1	10.49751	1	0	0	40.44855	0	0	0	0
EH37E0268879	HUMAN|HGNC=2243|UniProtKB=P61923	1	39.30633	1	0.536062120161115	0.007414455	40.44855	0	0	0	0
EH37E0268879	HUMAN|HGNC=5031|UniProtKB=P09651	1	39.30633	1	2.39231405975107	0.08106395	52.78368	0	0	0	0
EH37E0268879	HUMAN|HGNC=6141|UniProtKB=P08648	1	39.30633	1	0.445245704745771	0.0067221	9.91838	0	0	0	0
EH37E0268879	HUMAN|HGNC=7780|UniProtKB=Q16621	1	39.30633	1	3.19062574164403	0.07041255	40.44855	0	0	0	0
EH37E0268891	HUMAN|HGNC=2243|UniProtKB=P61923	1	5.27875	1	0.306247839674357	0.0101601	40.44855	0	0	0	0
EH37E0268891	HUMAN|HGNC=5031|UniProtKB=P09651	1	5.27875	1	0.942249690349846	0.0878007	52.78368	0	0	0	0
EH37E0268891	HUMAN|HGNC=6141|UniProtKB=P08648	1	5.27875	1	1.25683008466951	0.14475	9.91838	0	0	0	0
EH37E0268891	HUMAN|HGNC=7780|UniProtKB=Q16621	1	5.27875	1	0.415062613297074	0.0133191	40.44855	0	0	0	0
EH37E0268895	HUMAN|HGNC=2243|UniProtKB=P61923	1	2.96136	1	0.928935194519217	0.0791296	40.44855	0	0	0	0
EH37E0268895	HUMAN|HGNC=5031|UniProtKB=P09651	1	2.96136	1	0.63108601496262	0.0494936	52.78368	0	0	0	0
EH37E0268895	HUMAN|HGNC=7780|UniProtKB=Q16621	1	2.96136	1	0.258002144581647	0.00588066	40.44855	0	0	0	0
EH37E0268931	HUMAN|HGNC=2243|UniProtKB=P61923	0	0	1	0	0	40.44855	0	0	0	0
EH37E0268931	HUMAN|HGNC=5031|UniProtKB=P09651	0	0	1	0	0	52.78368	0	0	0	0
EH37E0268931	HUMAN|HGNC=6141|UniProtKB=P08648	0	0	1	0	0	9.91838	0	0	0	0
EH37E0268931	HUMAN|HGNC=7780|UniProtKB=Q16621	0	0	1	0	0	40.44855	0	0	0	0
EH37E0268937	HUMAN|HGNC=2243|UniProtKB=P61923	0	3.99492	1	1.12409917998185	0.0280715	40.44855	0	0	0	0
EH37E0268937	HUMAN|HGNC=5031|UniProtKB=P09651	0	3.99492	1	0.876428676599545	0.0226685	52.78368	0	0	0	0
EH37E0268937	HUMAN|HGNC=6141|UniProtKB=P08648	0	3.99492	1	1.01240007781993	0.0304203	9.91838	0	0	0	0
EH37E0268937	HUMAN|HGNC=7780|UniProtKB=Q16621	0	3.99492	1	1.92136494970026	0.043116	40.44855	0	0	0	0
EH37E0268957	HUMAN|HGNC=2243|UniProtKB=P61923	0	0	1	1.28853000925029	0.0903865333333333	40.44855	0	0	0	0
EH37E0268957	HUMAN|HGNC=5031|UniProtKB=P09651	0	0	1	1.22281833883355	0.107499696666667	52.78368	0	0	0	0
EH37E0268957	HUMAN|HGNC=6141|UniProtKB=P08648	0	0	1	0.573722562876294	0.0363479266666667	9.91838	0	0	0	0
EH37E0268957	HUMAN|HGNC=7780|UniProtKB=Q16621	0	0	1	0.931849275359608	0.0333851	40.44855	0	0	0	0
EH37E0482317	HUMAN|HGNC=18518|UniProtKB=O75792	1	2.99616	1	0.812095478727292	0.0523112	31.42972	0	0	0	0
EH37E0482317	HUMAN|HGNC=28424|UniProtKB=Q9BQ61	1	2.99616	1	0.221587609740616	0.00478543	10.362305	0	0	0	0
EH37E0482317	HUMAN|HGNC=2869|UniProtKB=P49366	1	2.99616	0	0.382425090197413	0.0150094	0	0	0	0	0
EH37E0482317	HUMAN|HGNC=2960|UniProtKB=O00115	1	2.99616	1	1.88962755873538	0.29084105	11.13361	0	0	0	0
EH37E0482317	HUMAN|HGNC=30203|UniProtKB=Q9Y284	1	2.99616	0	1.00512869244707	0.0695292	0	0	0	0	0
EH37E0482317	HUMAN|HGNC=6734|UniProtKB=P12980	1	2.99616	0	0.459464286588449	0.02932484	46.02402	0	0	0	0
EH37E0482317	HUMAN|HGNC=9353|UniProtKB=P32119	1	2.99616	1	0.933069229565817	0.0752292	0	0	0	0	0
EH37E0482317	HUMAN|HGNC=9812|UniProtKB=P54725	1	2.99616	1	0.465435531470732	0.016623	5.61245	0	0	0	0
EH37E0482331	HUMAN|HGNC=18518|UniProtKB=O75792	1	0	1	0	0	31.42972	0	0	0	0
EH37E0482331	HUMAN|HGNC=28424|UniProtKB=Q9BQ61	1	0	1	0	0	10.362305	0	0	0	0
EH37E0482331	HUMAN|HGNC=2869|UniProtKB=P49366	1	0	0	0	0	0	0	0	0	0
EH37E0482331	HUMAN|HGNC=2960|UniProtKB=O00115	1	0	1	0	0	11.13361	0	0	0	0
EH37E0482331	HUMAN|HGNC=6345|UniProtKB=Q13351	1	0	1	0	0	67.17977	0	0	0	0
EH37E0482331	HUMAN|HGNC=6734|UniProtKB=P12980	1	0	0	0	0	46.02402	0	0	0	0
EH37E0482331	HUMAN|HGNC=9353|UniProtKB=P32119	1	0	1	0	0	0	0	0	0	0
EH37E0482331	HUMAN|HGNC=9812|UniProtKB=P54725	1	0	1	0	0	5.61245	0	0	0	0
EH37E0482505	HUMAN|HGNC=1455|UniProtKB=P27797	0	0	1	1.01800432841403	0.0382911	21.45532	0	0	0	0
EH37E0482505	HUMAN|HGNC=18518|UniProtKB=O75792	0	0	1	0.95602880818209	0.05903985	31.42972	0	0	0	0
EH37E0482505	HUMAN|HGNC=28424|UniProtKB=Q9BQ61	0	0	1	0.864930265365259	0.0185597	10.362305	0	0	0	0
EH37E0482505	HUMAN|HGNC=2869|UniProtKB=P49366	0	0	0	0.738427421665109	0.0431198	0	0	0	0	0
EH37E0482505	HUMAN|HGNC=2960|UniProtKB=O00115	0	0	1	1.05584855971741	0.1141271	11.13361	0	0	0	0
EH37E0482505	HUMAN|HGNC=30203|UniProtKB=Q9Y284	0	0	0	0.561105984078761	0.01397425	0	0	0	0	0
EH37E0482505	HUMAN|HGNC=6345|UniProtKB=Q13351	0	0	1	1.79550628854999	0.12519	67.17977	0	0	0	0
EH37E0482505	HUMAN|HGNC=6734|UniProtKB=P12980	0	0	0	0.9530734132913	0.0651481	46.02402	0	0	0	0
EH37E0482505	HUMAN|HGNC=9353|UniProtKB=P32119	0	0	1	0.91766880776513	0.03453055	0	0	0	0	0
EH37E0482505	HUMAN|HGNC=9812|UniProtKB=P54725	0	0	1	0.669605280980178	0.02382267	5.61245	0	0	0	0
EH37E0482531	HUMAN|HGNC=1455|UniProtKB=P27797	0	7.82555	1	0	0	21.45532	0	0	0	0
EH37E0482531	HUMAN|HGNC=18518|UniProtKB=O75792	0	7.82555	1	0	0	31.42972	0	0	0	0
EH37E0482531	HUMAN|HGNC=28424|UniProtKB=Q9BQ61	0	7.82555	1	0	0	10.362305	0	0	0	0
EH37E0482531	HUMAN|HGNC=2869|UniProtKB=P49366	0	7.82555	0	0	0	0	0	0	0	0
EH37E0482531	HUMAN|HGNC=2960|UniProtKB=O00115	0	7.82555	1	0	0	11.13361	0	0	0	0
EH37E0482531	HUMAN|HGNC=30203|UniProtKB=Q9Y284	0	7.82555	0	0	0	0	0	0	0	0
EH37E0482531	HUMAN|HGNC=6205|UniProtKB=P17275	0	7.82555	1	0	0	6.53775	0	0	0	0
EH37E0482531	HUMAN|HGNC=6345|UniProtKB=Q13351	0	7.82555	1	0	0	67.17977	0	0	0	0
EH37E0482531	HUMAN|HGNC=6734|UniProtKB=P12980	0	7.82555	0	0	0	46.02402	0	0	0	0
EH37E0482531	HUMAN|HGNC=9353|UniProtKB=P32119	0	7.82555	1	0	0	0	0	0	0	0
EH37E0482531	HUMAN|HGNC=9812|UniProtKB=P54725	0	7.82555	1	0	0	5.61245	0	0	0	0
EH37E0494141	HUMAN|HGNC=3999|UniProtKB=P02792	0	0	1	0	0	68.23602	0	0	0	0
EH37E0494141	HUMAN|HGNC=8043|UniProtKB=Q02818	0	0	1	0	0	8.458415	0	0	0	0
EH37E0494141	HUMAN|HGNC=959|UniProtKB=Q07812	0	0	1	0	0	7.589355	0	0	0	0
EH37E0494141	HUMAN|HGNC=977|UniProtKB=O15382	0	0	1	0	0	7.641255	0	0	0	0
EH37E0494166	HUMAN|HGNC=959|UniProtKB=Q07812	0	0	1	0.76373815094799	0.0192866	7.589355	0	0	0	0
EH37E0494167	HUMAN|HGNC=959|UniProtKB=Q07812	0	0	1	0	0	7.589355	0	0	0	0
EH37E0494234	HUMAN|HGNC=3999|UniProtKB=P02792	0	0	1	0	0	68.23602	0	0	0	0
EH37E0494234	HUMAN|HGNC=4012|UniProtKB=P19526	0	0	0	0	0	0	0	0	0	0
EH37E0494234	HUMAN|HGNC=8043|UniProtKB=Q02818	0	0	1	0	0	8.458415	0	0	0	0
EH37E0494234	HUMAN|HGNC=959|UniProtKB=Q07812	0	0	1	0	0	7.589355	0	0	0	0
EH37E0494234	HUMAN|HGNC=977|UniProtKB=O15382	0	0	1	0	0	7.641255	0	0	0	0
EH37E0494274	HUMAN|HGNC=14375|UniProtKB=O75807	0	5.94452	1	0	0	4.22072	0	0	0	0
EH37E0494274	HUMAN|HGNC=3999|UniProtKB=P02792	0	5.94452	1	0	0	68.23602	0	0	0	0
EH37E0494274	HUMAN|HGNC=4012|UniProtKB=P19526	0	5.94452	0	0	0	0	0	0	0	0
EH37E0494274	HUMAN|HGNC=8043|UniProtKB=Q02818	0	5.94452	1	0	0	8.458415	0	0	0	0
EH37E0494274	HUMAN|HGNC=959|UniProtKB=Q07812	0	5.94452	1	0	0	7.589355	0	0	0	0
EH37E0494274	HUMAN|HGNC=977|UniProtKB=O15382	0	5.94452	1	0	0	7.641255	0	0	0	0
EH37E0494275	HUMAN|HGNC=14375|UniProtKB=O75807	0	5.22299	1	1.22340928471622	0.0850078	4.22072	0	0	0	0
EH37E0494275	HUMAN|HGNC=3999|UniProtKB=P02792	0	5.22299	1	0.763002702806499	0.0560932025	68.23602	0	0	0	0
EH37E0494275	HUMAN|HGNC=4012|UniProtKB=P19526	0	5.22299	0	1.1275165996125	0.14634865	0	0	0	0	0
EH37E0494275	HUMAN|HGNC=8043|UniProtKB=Q02818	0	5.22299	1	1.37058209717181	0.15438325	8.458415	0	0	0	0
EH37E0494275	HUMAN|HGNC=959|UniProtKB=Q07812	0	5.22299	1	0.221073083221966	0.003914835	7.589355	0	0	0	0
EH37E0494275	HUMAN|HGNC=977|UniProtKB=O15382	0	5.22299	1	1.04516088532086	0.0446256	7.641255	0	0	0	0
EH37E0494286	HUMAN|HGNC=4012|UniProtKB=P19526	1	10.73578	0	0	0	0	0	0	0	0
EH37E0494286	HUMAN|HGNC=959|UniProtKB=Q07812	1	10.73578	1	0	0	7.589355	0	0	0	0
EH37E0494286	HUMAN|HGNC=977|UniProtKB=O15382	1	10.73578	1	0	0	7.641255	0	0	0	0
EH37E0494311	HUMAN|HGNC=3999|UniProtKB=P02792	1	4.72014	1	0	0	68.23602	0	0	0	0
EH37E0494311	HUMAN|HGNC=4012|UniProtKB=P19526	1	4.72014	0	0	0	0	0	0	0	0
EH37E0494311	HUMAN|HGNC=8043|UniProtKB=Q02818	1	4.72014	1	0	0	8.458415	0	0	0	0
EH37E0494311	HUMAN|HGNC=959|UniProtKB=Q07812	1	4.72014	1	0	0	7.589355	0	0	0	0
EH37E0494311	HUMAN|HGNC=977|UniProtKB=O15382	1	4.72014	1	0	0	7.641255	0	0	0	0
EH37E0494350	HUMAN|HGNC=14375|UniProtKB=O75807	0	0	1	0	0	4.22072	0	0	0	0
EH37E0494350	HUMAN|HGNC=3999|UniProtKB=P02792	0	0	1	0	0	68.23602	0	0	0	0
EH37E0494350	HUMAN|HGNC=4012|UniProtKB=P19526	0	0	0	0	0	0	0	0	0	0
EH37E0494350	HUMAN|HGNC=8043|UniProtKB=Q02818	0	0	1	0	0	8.458415	0	0	0	0
EH37E0494350	HUMAN|HGNC=959|UniProtKB=Q07812	0	0	1	0	0	7.589355	0	0	0	0
EH37E0494350	HUMAN|HGNC=977|UniProtKB=O15382	0	0	1	0	0	7.641255	0	0	0	0
EH37E0494371	HUMAN|HGNC=959|UniProtKB=Q07812	0	0	1	0.549907101143054	0.01327	7.589355	0	0	0	0
EH37E0494372	HUMAN|HGNC=959|UniProtKB=Q07812	0	0	1	0.21155557974167	0.00346373	7.589355	0	0	0	0
EH37E0494373	HUMAN|HGNC=959|UniProtKB=Q07812	0	0	1	0.667566782164361	0.0396754	7.589355	0	0	0	0
EH37E0494426	HUMAN|HGNC=3999|UniProtKB=P02792	1	0	1	0.595857592841538	0.0357517	68.23602	0	0	0	0
EH37E0494426	HUMAN|HGNC=4012|UniProtKB=P19526	1	0	0	1.85094859505534	0.400693	0	0	0	0	0
EH37E0494426	HUMAN|HGNC=8043|UniProtKB=Q02818	1	0	1	1.05260246722042	0.114719	8.458415	0	0	0	0
EH37E0494426	HUMAN|HGNC=959|UniProtKB=Q07812	1	0	1	0.787633855068723	0.0566939	7.589355	0	0	0	0
EH37E0494426	HUMAN|HGNC=977|UniProtKB=O15382	1	0	1	0.148713686415457	0.00309438	7.641255	0	0	0	0
EH37E0494427	HUMAN|HGNC=3999|UniProtKB=P02792	1	0	1	0.595857592841538	0.0357517	68.23602	0	0	0	0
EH37E0494427	HUMAN|HGNC=4012|UniProtKB=P19526	1	0	0	1.85094859505535	0.400693	0	0	0	0	0
EH37E0494427	HUMAN|HGNC=8043|UniProtKB=Q02818	1	0	1	1.05260246722042	0.114719	8.458415	0	0	0	0
EH37E0494427	HUMAN|HGNC=959|UniProtKB=Q07812	1	0	1	0.787633855068723	0.0566939	7.589355	0	0	0	0
EH37E0494427	HUMAN|HGNC=977|UniProtKB=O15382	1	0	1	0.148713686415457	0.00309438	7.641255	0	0	0	0
EH37E0494428	HUMAN|HGNC=3999|UniProtKB=P02792	1	0	1	0	0	68.23602	0	0	0	0
EH37E0494428	HUMAN|HGNC=4012|UniProtKB=P19526	1	0	0	0	0	0	0	0	0	0
EH37E0494428	HUMAN|HGNC=8043|UniProtKB=Q02818	1	0	1	0	0	8.458415	0	0	0	0
EH37E0494428	HUMAN|HGNC=959|UniProtKB=Q07812	1	0	1	0	0	7.589355	0	0	0	0
EH37E0494428	HUMAN|HGNC=977|UniProtKB=O15382	1	0	1	0	0	7.641255	0	0	0	0
EH37E0494443	HUMAN|HGNC=14375|UniProtKB=O75807	0	0	1	0	0	4.22072	0	0	0	0
EH37E0494443	HUMAN|HGNC=3999|UniProtKB=P02792	0	0	1	0	0	68.23602	0	0	0	0
EH37E0494443	HUMAN|HGNC=4012|UniProtKB=P19526	0	0	0	0	0	0	0	0	0	0
EH37E0494443	HUMAN|HGNC=8043|UniProtKB=Q02818	0	0	1	0	0	8.458415	0	0	0	0
EH37E0494443	HUMAN|HGNC=959|UniProtKB=Q07812	0	0	1	0	0	7.589355	0	0	0	0
EH37E0494443	HUMAN|HGNC=977|UniProtKB=O15382	0	0	1	0	0	7.641255	0	0	0	0
EH37E0494464	HUMAN|HGNC=14375|UniProtKB=O75807	0	4.47138	1	0.0813068465004611	0.000782626	4.22072	0	0	0	0
EH37E0494464	HUMAN|HGNC=3999|UniProtKB=P02792	0	4.47138	1	1.05758521099949	0.0991126	68.23602	0	0	0	0
EH37E0494464	HUMAN|HGNC=4012|UniProtKB=P19526	0	4.47138	0	0.877227034741244	0.149753	0	0	0	0	0
EH37E0494464	HUMAN|HGNC=8043|UniProtKB=Q02818	0	4.47138	1	0.970122083166266	0.109937	8.458415	0	0	0	0
EH37E0494464	HUMAN|HGNC=959|UniProtKB=Q07812	0	4.47138	1	0.876000750011785	0.0730966	7.589355	0	0	0	0
EH37E0494464	HUMAN|HGNC=977|UniProtKB=O15382	0	4.47138	1	1.13911388117743	0.134129	7.641255	0	0	0	0
EH37E0682449	HUMAN|HGNC=18276|UniProtKB=P61619	0	6.20647	1	0	0	0	0	0	0	0
EH37E0682501	HUMAN|HGNC=10381|UniProtKB=P04843	0	0	1	0	0	81.25214	0	0	0	0
EH37E0682501	HUMAN|HGNC=18276|UniProtKB=P61619	0	0	1	0	0	0	0	0	0	0
EH37E0682504	HUMAN|HGNC=10381|UniProtKB=P04843	1	16.71098	1	0	0	81.25214	0	0	0	0
EH37E0682504	HUMAN|HGNC=18276|UniProtKB=P61619	1	16.71098	1	0	0	0	0	0	0	0
EH37E0682647	HUMAN|HGNC=10381|UniProtKB=P04843	0	0	1	0	0	81.25214	0	0	0	0
EH37E0682647	HUMAN|HGNC=18276|UniProtKB=P61619	0	0	1	0	0	0	0	0	0	0
EH37E0682648	HUMAN|HGNC=10381|UniProtKB=P04843	0	0	1	0	0	81.25214	0	0	0	0
EH37E0682648	HUMAN|HGNC=18276|UniProtKB=P61619	0	0	1	0	0	0	0	0	0	0
EH37E0682649	HUMAN|HGNC=10381|UniProtKB=P04843	0	0	1	1.64508744795285	0.174214	81.25214	0	0	0	0
EH37E0682649	HUMAN|HGNC=18276|UniProtKB=P61619	0	0	1	1.96509684100162	0.236323	0	0	0	0	0
EH37E0682772	HUMAN|HGNC=10381|UniProtKB=P04843	0	6.93516	1	0	0	81.25214	0	0	0	0
EH37E0682772	HUMAN|HGNC=13164|UniProtKB=P62633	0	6.93516	1	0	0	20.366525	0	0	0	0
EH37E0682772	HUMAN|HGNC=18276|UniProtKB=P61619	0	6.93516	1	0	0	0	0	0	0	0
EH37E0682772	HUMAN|HGNC=9788|UniProtKB=P51149	0	6.93516	1	0	0	0	0	0	0	0
EH37E0682775	HUMAN|HGNC=10381|UniProtKB=P04843	0	4.45856	1	0.7556526762206	0.0206549	81.25214	0	0	0	0
EH37E0682775	HUMAN|HGNC=13164|UniProtKB=P62633	0	4.45856	1	1.2597663592399	0.0454127	20.366525	0	0	0	0
EH37E0682775	HUMAN|HGNC=18276|UniProtKB=P61619	0	4.45856	1	1.35913846980853	0.0546654	0	0	0	0	0
EH37E0682775	HUMAN|HGNC=9788|UniProtKB=P51149	0	4.45856	1	0.276751999743962	0.0019369	0	0	0	0	0
EH37E0682872	HUMAN|HGNC=10381|UniProtKB=P04843	0	6.24038	1	0	0	81.25214	0	0	0	0
EH37E0682872	HUMAN|HGNC=13164|UniProtKB=P62633	0	6.24038	1	0	0	20.366525	0	0	0	0
EH37E0682872	HUMAN|HGNC=18276|UniProtKB=P61619	0	6.24038	1	0	0	0	0	0	0	0
EH37E0682872	HUMAN|HGNC=4722|UniProtKB=Q92522	0	6.24038	1	0	0	8.57224	0	0	0	0
EH37E0682983	HUMAN|HGNC=10381|UniProtKB=P04843	1	62.06467	1	0.756446816028953	0.0146692	81.25214	0	0	0	0
EH37E0682983	HUMAN|HGNC=13164|UniProtKB=P62633	1	62.06467	1	0.164142368625729	0.000846758	20.366525	0	0	0	0
EH37E0682983	HUMAN|HGNC=18276|UniProtKB=P61619	1	62.06467	1	1.01876368084781	0.0254362	0	0	0	0	0
EH37E0682983	HUMAN|HGNC=4722|UniProtKB=Q92522	1	62.06467	1	0.734710609926075	0.0137387	8.57224	0	0	0	0
EH37E0682983	HUMAN|HGNC=9788|UniProtKB=P51149	1	62.06467	1	0.964685377219018	0.0126326	0	0	0	0	0
EH37E0683180	HUMAN|HGNC=10381|UniProtKB=P04843	0	9.60301	1	1.11697299501119	0.0831122	81.25214	0	0	0	0
EH37E0683180	HUMAN|HGNC=13164|UniProtKB=P62633	0	9.60301	1	1.02379577845211	0.0727901	20.366525	0	0	0	0
EH37E0683180	HUMAN|HGNC=4722|UniProtKB=Q92522	0	9.60301	1	0.951932021305631	0.064078	8.57224	0	0	0	0
EH37E0683405	HUMAN|HGNC=10381|UniProtKB=P04843	1	8.65538	1	0.42521183801147	0.0141901	81.25214	0	0	0	0
EH37E0683405	HUMAN|HGNC=13164|UniProtKB=P62633	1	8.65538	1	1.39753279721634	0.0994913	20.366525	0	0	0	0
EH37E0683405	HUMAN|HGNC=4722|UniProtKB=Q92522	1	8.65538	1	0.575612959524221	0.0241278	8.57224	0	0	0	0
EH37E0683406	HUMAN|HGNC=10381|UniProtKB=P04843	1	8.65538	1	0	0	81.25214	0	0	0	0
EH37E0683406	HUMAN|HGNC=13164|UniProtKB=P62633	1	8.65538	1	0	0	20.366525	0	0	0	0
EH37E0683406	HUMAN|HGNC=4722|UniProtKB=Q92522	1	8.65538	1	0	0	8.57224	0	0	0	0
EH37E0683479	HUMAN|HGNC=10381|UniProtKB=P04843	0	0	1	0	0	81.25214	0	0	0	0
EH37E0683479	HUMAN|HGNC=4722|UniProtKB=Q92522	0	0	1	0	0	8.57224	0	0	0	0
EH37E0683499	HUMAN|HGNC=10381|UniProtKB=P04843	0	0	1	0.821893935050332	0.0980814	81.25214	0	0	0	0
EH37E0683499	HUMAN|HGNC=13164|UniProtKB=P62633	0	0	1	0.873101651853377	0.107917	20.366525	0	0	0	0
EH37E0683499	HUMAN|HGNC=4722|UniProtKB=Q92522	0	0	1	0.802461069744738	0.0927426	8.57224	0	0	0	0
EH37E0683499	HUMAN|HGNC=9788|UniProtKB=P51149	0	0	1	0.706601583464062	0.0445376	0	0	0	0	0
EH37E0683523	HUMAN|HGNC=10381|UniProtKB=P04843	1	0	1	0	0	81.25214	0	0	0	0
EH37E0683523	HUMAN|HGNC=13164|UniProtKB=P62633	1	0	1	0	0	20.366525	0	0	0	0
EH37E0683523	HUMAN|HGNC=4722|UniProtKB=Q92522	1	0	1	0	0	8.57224	0	0	0	0
EH37E0683523	HUMAN|HGNC=9788|UniProtKB=P51149	1	0	1	0	0	0	0	0	0	0
EH37E0683524	HUMAN|HGNC=10381|UniProtKB=P04843	1	0	1	1.23458350633922	0.113969	81.25214	0	0	0	0
EH37E0683524	HUMAN|HGNC=13164|UniProtKB=P62633	1	0	1	0.633659516597809	0.0394768	20.366525	0	0	0	0
EH37E0683524	HUMAN|HGNC=4722|UniProtKB=Q92522	1	0	1	1.04788426861599	0.0879602	8.57224	0	0	0	0
EH37E0683524	HUMAN|HGNC=9788|UniProtKB=P51149	1	0	1	0.723631404084196	0.0288966	0	0	0	0	0
EH37E0683526	HUMAN|HGNC=10381|UniProtKB=P04843	1	7.94416	1	0	0	81.25214	0	0	0	0
EH37E0683526	HUMAN|HGNC=13164|UniProtKB=P62633	1	7.94416	1	0	0	20.366525	0	0	0	0
EH37E0683526	HUMAN|HGNC=4722|UniProtKB=Q92522	1	7.94416	1	0	0	8.57224	0	0	0	0
EH37E0683526	HUMAN|HGNC=9788|UniProtKB=P51149	1	7.94416	1	0	0	0	0	0	0	0
EH37E0683527	HUMAN|HGNC=10381|UniProtKB=P04843	1	7.94416	1	0	0	81.25214	0	0	0	0
EH37E0683527	HUMAN|HGNC=13164|UniProtKB=P62633	1	7.94416	1	0	0	20.366525	0	0	0	0
EH37E0683527	HUMAN|HGNC=4722|UniProtKB=Q92522	1	7.94416	1	0	0	8.57224	0	0	0	0
EH37E0683527	HUMAN|HGNC=9788|UniProtKB=P51149	1	7.94416	1	0	0	0	0	0	0	0
EH37E0683537	HUMAN|HGNC=10381|UniProtKB=P04843	1	4.32792	1	0.493482366459103	0.013349	81.25214	0	0	0	0
EH37E0683537	HUMAN|HGNC=13164|UniProtKB=P62633	1	4.32792	1	1.62499819957434	0.0873949	20.366525	0	0	0	0
EH37E0683537	HUMAN|HGNC=4722|UniProtKB=Q92522	1	4.32792	1	1.52382685299456	0.078973	8.57224	0	0	0	0
EH37E0683537	HUMAN|HGNC=9788|UniProtKB=P51149	1	4.32792	1	0.210301551195464	0.00153933	0	0	0	0	0
EH37E0683544	HUMAN|HGNC=10381|UniProtKB=P04843	1	10.1524	1	0.808327406154536	0.04899175	81.25214	0	0	0	0
EH37E0683544	HUMAN|HGNC=13164|UniProtKB=P62633	1	10.1524	1	0.675383716493063	0.038912685	20.366525	0	0	0	0
EH37E0683544	HUMAN|HGNC=4722|UniProtKB=Q92522	1	10.1524	1	0.814111197895816	0.04948145	8.57224	0	0	0	0
EH37E0683544	HUMAN|HGNC=9788|UniProtKB=P51149	1	10.1524	1	1.08051707096207	0.0495085	0	0	0	0	0
EH37E0683560	HUMAN|HGNC=10381|UniProtKB=P04843	0	6.65809	1	0.951631986577533	0.04679655	81.25214	0	0	0	0
EH37E0683560	HUMAN|HGNC=13164|UniProtKB=P62633	0	6.65809	1	1.15323993427397	0.038043495	20.366525	0	0	0	0
EH37E0683560	HUMAN|HGNC=4722|UniProtKB=Q92522	0	6.65809	1	0.349816428223083	0.008195025	8.57224	0	0	0	0
EH37E0683560	HUMAN|HGNC=9788|UniProtKB=P51149	0	6.65809	1	0.783041249591106	0.02282975	0	0	0	0	0
EH37E0683628	HUMAN|HGNC=10381|UniProtKB=P04843	0	0	1	0.942505017184866	0.0983488	81.25214	0	0	0	0
EH37E0683628	HUMAN|HGNC=13164|UniProtKB=P62633	0	0	1	1.06721455292639	0.118788	20.366525	0	0	0	0
EH37E0683628	HUMAN|HGNC=4722|UniProtKB=Q92522	0	0	1	0.660307324060946	0.0539788	8.57224	0	0	0	0
EH37E0683628	HUMAN|HGNC=9788|UniProtKB=P51149	0	0	1	0.410117289520969	0.0136355	0	0	0	0	0
EH37E0683665	HUMAN|HGNC=10381|UniProtKB=P04843	0	31.29967	1	1.0028223279358	0.0329574	81.25214	0	0	0	0
EH37E0683665	HUMAN|HGNC=13164|UniProtKB=P62633	0	31.29967	1	0.847481623521857	0.0232118	20.366525	0	0	0	0
EH37E0683665	HUMAN|HGNC=4722|UniProtKB=Q92522	0	31.29967	1	0.612139627755874	0.0150189335	8.57224	0	0	0	0
EH37E0683665	HUMAN|HGNC=9788|UniProtKB=P51149	0	31.29967	1	1.59658741990144	0.03384235	0	0	0	0	0
EH37E0683672	HUMAN|HGNC=10381|UniProtKB=P04843	0	15.96922	1	0.796674712046815	0.028700416	81.25214	0	0	0	0
EH37E0683672	HUMAN|HGNC=13164|UniProtKB=P62633	0	15.96922	1	1.42695031606631	0.07768946	20.366525	0	0	0	0
EH37E0683672	HUMAN|HGNC=4722|UniProtKB=Q92522	0	15.96922	1	0.682032145956531	0.020809924	8.57224	0	0	0	0
EH37E0683672	HUMAN|HGNC=9788|UniProtKB=P51149	0	15.96922	1	1.03550465857285	0.02142078	0	0	0	0	0
EH37E0683728	HUMAN|HGNC=10381|UniProtKB=P04843	0	0	1	0	0	81.25214	0	0	0	0
EH37E0683728	HUMAN|HGNC=13164|UniProtKB=P62633	0	0	1	0	0	20.366525	0	0	0	0
EH37E0683728	HUMAN|HGNC=4722|UniProtKB=Q92522	0	0	1	0	0	8.57224	0	0	0	0
EH37E0683908	HUMAN|HGNC=4722|UniProtKB=Q92522	0	0	1	0	0	8.57224	0	0	0	0
EH37E0683909	HUMAN|HGNC=4722|UniProtKB=Q92522	0	0	1	0.485650614885668	0.0206323	8.57224	0	0	0	0
EH37E1039305	HUMAN|HGNC=4170|UniProtKB=P15976	0	0	1	1.37726783293447	0.0557855	12.48447	0	0	0	0
EH37E1039311	HUMAN|HGNC=4170|UniProtKB=P15976	0	5.94452	1	0	0	12.48447	0	0	0	0
EH37E1039407	HUMAN|HGNC=4170|UniProtKB=P15976	1	0	1	0.966636419546279	0.0161976	12.48447	0	0	0	0
EH37E1039409	HUMAN|HGNC=14064|UniProtKB=Q9UBN7	1	8.21713	1	0	0	24.125895	0	0	0	0
EH37E1039409	HUMAN|HGNC=4170|UniProtKB=P15976	1	8.21713	1	0	0	12.48447	0	0	0	0
EH37E1039409	HUMAN|HGNC=9087|UniProtKB=Q04941	1	8.21713	0	0	0	5.72452	0	0	0	0
EH37E1039409	HUMAN|HGNC=9330|UniProtKB=O60828	1	8.21713	1	0	0	47.48151	0	0	0	0
EH37E1039410	HUMAN|HGNC=14064|UniProtKB=Q9UBN7	1	8.21713	1	0	0	24.125895	0	0	0	0
EH37E1039410	HUMAN|HGNC=4170|UniProtKB=P15976	1	8.21713	1	0	0	12.48447	0	0	0	0
EH37E1039410	HUMAN|HGNC=9087|UniProtKB=Q04941	1	8.21713	0	0	0	5.72452	0	0	0	0
EH37E1039410	HUMAN|HGNC=9330|UniProtKB=O60828	1	8.21713	1	0	0	47.48151	0	0	0	0
EH37E1039420	HUMAN|HGNC=4170|UniProtKB=P15976	0	0	1	0	0	12.48447	0	0	0	0
EH37E1039421	HUMAN|HGNC=4170|UniProtKB=P15976	0	0	1	0	0	12.48447	0	0	0	0
EH37E1039422	HUMAN|HGNC=4170|UniProtKB=P15976	0	0	1	0	0	12.48447	0	0	0	0
EH37E1039428	HUMAN|HGNC=14064|UniProtKB=Q9UBN7	0	0	1	0	0	24.125895	0	0	0	0
EH37E1039428	HUMAN|HGNC=4170|UniProtKB=P15976	0	0	1	0	0	12.48447	0	0	0	0
EH37E1039428	HUMAN|HGNC=9087|UniProtKB=Q04941	0	0	0	0	0	5.72452	0	0	0	0
EH37E1039428	HUMAN|HGNC=9330|UniProtKB=O60828	0	0	1	0	0	47.48151	0	0	0	0
EH37E1039429	HUMAN|HGNC=14064|UniProtKB=Q9UBN7	1	4.60852	1	0	0	24.125895	0	0	0	0
EH37E1039429	HUMAN|HGNC=4170|UniProtKB=P15976	1	4.60852	1	0	0	12.48447	0	0	0	0
EH37E1039429	HUMAN|HGNC=9087|UniProtKB=Q04941	1	4.60852	0	0	0	5.72452	0	0	0	0
EH37E1039429	HUMAN|HGNC=9330|UniProtKB=O60828	1	4.60852	1	0	0	47.48151	0	0	0	0
EH37E1039437	HUMAN|HGNC=14064|UniProtKB=Q9UBN7	1	9.60301	1	1.27415697099613	0.025438	24.125895	0	0	0	0
EH37E1039437	HUMAN|HGNC=4170|UniProtKB=P15976	1	9.60301	1	1.14290451507915	0.0209679	12.48447	0	0	0	0
EH37E1039437	HUMAN|HGNC=9087|UniProtKB=Q04941	1	9.60301	0	0.666916265693075	0.00849871	5.72452	0	0	0	0
EH37E1039437	HUMAN|HGNC=9330|UniProtKB=O60828	1	9.60301	1	1.36669636774374	0.0252617	47.48151	0	0	0	0
EH37E1039439	HUMAN|HGNC=14064|UniProtKB=Q9UBN7	1	0	1	0	0	24.125895	0	0	0	0
EH37E1039439	HUMAN|HGNC=4170|UniProtKB=P15976	1	0	1	0	0	12.48447	0	0	0	0
EH37E1039439	HUMAN|HGNC=9087|UniProtKB=Q04941	1	0	0	0	0	5.72452	0	0	0	0
EH37E1039439	HUMAN|HGNC=9330|UniProtKB=O60828	1	0	1	0	0	47.48151	0	0	0	0
EH37E1039446	HUMAN|HGNC=14064|UniProtKB=Q9UBN7	1	10.40241	1	0	0	24.125895	0	0	0	0
EH37E1039446	HUMAN|HGNC=4170|UniProtKB=P15976	1	10.40241	1	0	0	12.48447	0	0	0	0
EH37E1039446	HUMAN|HGNC=9087|UniProtKB=Q04941	1	10.40241	0	0	0	5.72452	0	0	0	0
EH37E1039446	HUMAN|HGNC=9330|UniProtKB=O60828	1	10.40241	1	0	0	47.48151	0	0	0	0
EH37E1039449	HUMAN|HGNC=14064|UniProtKB=Q9UBN7	0	0	1	0	0	24.125895	0	0	0	0
EH37E1039449	HUMAN|HGNC=4170|UniProtKB=P15976	0	0	1	0	0	12.48447	0	0	0	0
EH37E1039449	HUMAN|HGNC=9087|UniProtKB=Q04941	0	0	0	0	0	5.72452	0	0	0	0
EH37E1039449	HUMAN|HGNC=9330|UniProtKB=O60828	0	0	1	0	0	47.48151	0	0	0	0
EH37E1039466	HUMAN|HGNC=14064|UniProtKB=Q9UBN7	0	4.91193	1	0	0	24.125895	0	0	0	0
EH37E1039466	HUMAN|HGNC=4170|UniProtKB=P15976	0	4.91193	1	0	0	12.48447	0	0	0	0
EH37E1039466	HUMAN|HGNC=9087|UniProtKB=Q04941	0	4.91193	0	0	0	5.72452	0	0	0	0
EH37E1039466	HUMAN|HGNC=9330|UniProtKB=O60828	0	4.91193	1	0	0	47.48151	0	0	0	0
EH37E1039482	HUMAN|HGNC=14064|UniProtKB=Q9UBN7	0	4.0477	1	0	0	24.125895	0	0	0	0
EH37E1039482	HUMAN|HGNC=4170|UniProtKB=P15976	0	4.0477	1	0	0	12.48447	0	0	0	0
EH37E1039482	HUMAN|HGNC=9087|UniProtKB=Q04941	0	4.0477	0	0	0	5.72452	0	0	0	0
EH37E1039482	HUMAN|HGNC=9330|UniProtKB=O60828	0	4.0477	1	0	0	47.48151	0	0	0	0
EH37E1039486	HUMAN|HGNC=14064|UniProtKB=Q9UBN7	1	5.08196	1	0	0	24.125895	0	0	0	0
EH37E1039486	HUMAN|HGNC=4170|UniProtKB=P15976	1	5.08196	1	0	0	12.48447	0	0	0	0
EH37E1039486	HUMAN|HGNC=9087|UniProtKB=Q04941	1	5.08196	0	0	0	5.72452	0	0	0	0
EH37E1039486	HUMAN|HGNC=9330|UniProtKB=O60828	1	5.08196	1	0	0	47.48151	0	0	0	0
EH37E1039489	HUMAN|HGNC=9330|UniProtKB=O60828	1	7.49018	1	1.62859183890179	0.098026	47.48151	0	0	0	0
EH37E1039494	HUMAN|HGNC=14064|UniProtKB=Q9UBN7	1	38.29326	1	0	0	24.125895	0	0	0	0
EH37E1039494	HUMAN|HGNC=9330|UniProtKB=O60828	1	38.29326	1	0	0	47.48151	0	0	0	0
EH37E1039500	HUMAN|HGNC=4170|UniProtKB=P15976	0	4.6608	1	0	0	12.48447	0	0	0	0
EH37E1039500	HUMAN|HGNC=9087|UniProtKB=Q04941	0	4.6608	0	0	0	5.72452	0	0	0	0
EH37E1039500	HUMAN|HGNC=9330|UniProtKB=O60828	0	4.6608	1	0	0	47.48151	0	0	0	0
EH37E1039505	HUMAN|HGNC=4170|UniProtKB=P15976	0	0	1	0	0	12.48447	0	0	0	0
EH37E1039505	HUMAN|HGNC=9087|UniProtKB=Q04941	0	0	0	0	0	5.72452	0	0	0	0
EH37E1039509	HUMAN|HGNC=14064|UniProtKB=Q9UBN7	1	7.36761	1	0	0	24.125895	0	0	0	0
EH37E1039509	HUMAN|HGNC=4170|UniProtKB=P15976	1	7.36761	1	0	0	12.48447	0	0	0	0
EH37E1039509	HUMAN|HGNC=9087|UniProtKB=Q04941	1	7.36761	0	0	0	5.72452	0	0	0	0
EH37E1039509	HUMAN|HGNC=9330|UniProtKB=O60828	1	7.36761	1	0	0	47.48151	0	0	0	0
EH37E1039524	HUMAN|HGNC=14064|UniProtKB=Q9UBN7	1	9.73713	1	0	0	24.125895	0	0	0	0
EH37E1039524	HUMAN|HGNC=4170|UniProtKB=P15976	1	9.73713	1	0	0	12.48447	0	0	0	0
EH37E1039524	HUMAN|HGNC=9087|UniProtKB=Q04941	1	9.73713	0	0	0	5.72452	0	0	0	0
EH37E1039534	HUMAN|HGNC=14064|UniProtKB=Q9UBN7	1	7.13366	1	0.699895524824603	0.042328	24.125895	0	0	0	0
EH37E1039534	HUMAN|HGNC=4170|UniProtKB=P15976	1	7.13366	1	0.297843922806988	0.00860277	12.48447	0	0	0	0
EH37E1039534	HUMAN|HGNC=9087|UniProtKB=Q04941	1	7.13366	0	0.627630472466598	0.0324166	5.72452	0	0	0	0
EH37E1039534	HUMAN|HGNC=9330|UniProtKB=O60828	1	7.13366	1	0.868188373909522	0.0542618	47.48151	0	0	0	0
EH37E1039556	HUMAN|HGNC=4170|UniProtKB=P15976	1	0	1	0	0	12.48447	0	0	0	0
EH37E1039558	HUMAN|HGNC=14064|UniProtKB=Q9UBN7	1	4.95388	1	1.06202100590124	0.0505973	24.125895	0	0	0	0
EH37E1039558	HUMAN|HGNC=4170|UniProtKB=P15976	1	4.95388	1	0.790398135805809	0.03218115	12.48447	0	0	0	0
EH37E1039558	HUMAN|HGNC=9087|UniProtKB=Q04941	1	4.95388	0	1.26427658249684	0.06271855	5.72452	0	0	0	0
EH37E1039558	HUMAN|HGNC=9330|UniProtKB=O60828	1	4.95388	1	0.611522290270798	0.01748225	47.48151	0	0	0	0
EH37E1039569	HUMAN|HGNC=14064|UniProtKB=Q9UBN7	1	0	1	0.0441576699977853	0.000150323	24.125895	0	0	0	0
EH37E1039569	HUMAN|HGNC=4170|UniProtKB=P15976	1	0	1	1.11109326177929	0.0626969	12.48447	0	0	0	0
EH37E1039569	HUMAN|HGNC=9087|UniProtKB=Q04941	1	0	0	0.812512602296134	0.0368309	5.72452	0	0	0	0
EH37E1039569	HUMAN|HGNC=9330|UniProtKB=O60828	1	0	1	0.423960946820832	0.011505	47.48151	0	0	0	0
EH37E1039575	HUMAN|HGNC=14064|UniProtKB=Q9UBN7	1	0	1	0	0	24.125895	0	0	0	0
EH37E1039575	HUMAN|HGNC=4170|UniProtKB=P15976	1	0	1	0	0	12.48447	0	0	0	0
EH37E1039575	HUMAN|HGNC=9330|UniProtKB=O60828	1	0	1	0	0	47.48151	0	0	0	0
EH37E1039578	HUMAN|HGNC=4170|UniProtKB=P15976	1	0	1	0	0	12.48447	0	0	0	0
EH37E1039578	HUMAN|HGNC=9087|UniProtKB=Q04941	1	0	0	0	0	5.72452	0	0	0	0
EH37E1039584	HUMAN|HGNC=14064|UniProtKB=Q9UBN7	1	9.90709	1	0	0	24.125895	0	0	0	0
EH37E1039584	HUMAN|HGNC=4170|UniProtKB=P15976	1	9.90709	1	0	0	12.48447	0	0	0	0
EH37E1039584	HUMAN|HGNC=9087|UniProtKB=Q04941	1	9.90709	0	0	0	5.72452	0	0	0	0
EH37E1039584	HUMAN|HGNC=9330|UniProtKB=O60828	1	9.90709	1	0	0	47.48151	0	0	0	0
EH37E1039612	HUMAN|HGNC=14064|UniProtKB=Q9UBN7	1	25.63541	1	0	0	24.125895	0	0	0	0
EH37E1039612	HUMAN|HGNC=4170|UniProtKB=P15976	1	25.63541	1	0	0	12.48447	0	0	0	0
EH37E1039612	HUMAN|HGNC=9087|UniProtKB=Q04941	1	25.63541	0	0	0	5.72452	0	0	0	0
EH37E1039612	HUMAN|HGNC=9330|UniProtKB=O60828	1	25.63541	1	0	0	47.48151	0	0	0	0
EH37E1039626	HUMAN|HGNC=9087|UniProtKB=Q04941	1	0	0	0	0	5.72452	0	0	0	0
EH37E1039638	HUMAN|HGNC=9087|UniProtKB=Q04941	1	0	0	0.842797473662745	0.0473826	5.72452	0	0	0	0
EH37E1039680	HUMAN|HGNC=14064|UniProtKB=Q9UBN7	0	0	1	0.538039372051247	0.0274446	24.125895	0	0	0	0
EH37E1039680	HUMAN|HGNC=4170|UniProtKB=P15976	0	0	1	0.486985631075871	0.0221324	12.48447	0	0	0	0
EH37E1039680	HUMAN|HGNC=9087|UniProtKB=Q04941	0	0	0	2.35156191782166	0.22614	5.72452	0	0	0	0
EH37E1039680	HUMAN|HGNC=9330|UniProtKB=O60828	0	0	1	0.363093416641578	0.0119767	47.48151	0	0	0	0
EH37E1039681	HUMAN|HGNC=14064|UniProtKB=Q9UBN7	0	0	1	0	0	24.125895	0	0	0	0
EH37E1039681	HUMAN|HGNC=4170|UniProtKB=P15976	0	0	1	0	0	12.48447	0	0	0	0
EH37E1039681	HUMAN|HGNC=9087|UniProtKB=Q04941	0	0	0	0	0	5.72452	0	0	0	0
EH37E1039681	HUMAN|HGNC=9330|UniProtKB=O60828	0	0	1	0	0	47.48151	0	0	0	0
EH37E1039708	HUMAN|HGNC=9087|UniProtKB=Q04941	0	0	0	0	0	5.72452	0	0	0	0
EH37E1039708	HUMAN|HGNC=9330|UniProtKB=O60828	0	0	1	0	0	47.48151	0	0	0	0
EH37E1039772	HUMAN|HGNC=9087|UniProtKB=Q04941	0	7.43049	0	0.483306712069711	0.0122606	5.72452	0	0	0	0
