enhancer	gene	H3K27ac_enhancer	H3K4me1	H3K4me3	eQTL_Zscore	nearest	intronic	coeff_abs	H3K27ac_promoter	p300	truelink
25079	HUMAN|HGNC=31350|UniProtKB=Q9NWM3	1	9.75051	1	0.809715673692652	1	0	0.129413	56033312.75	312.22848	1
39903	HUMAN|HGNC=1682|UniProtKB=Q08722	1	8.60321	1	0.562234675633687	1	0	0.0122909	107810503	0	1
39904	HUMAN|HGNC=1682|UniProtKB=Q08722	1	8.60321	1	0.754440279408276	1	0	0.0444453	107810503	0	1
39920	HUMAN|HGNC=1682|UniProtKB=Q08722	0	0	1	0.73397668600743	0	0	0.052866215	107810503	0	1
53410	HUMAN|HGNC=1784|UniProtKB=P38936	1	11.16351	0	0	1	0	0	36642914.6666667	0	1
86758	HUMAN|HGNC=74|UniProtKB=Q9UNQ0	1	5.00577	0	0	1	1	0	89153058	0	1
EH37E0225350	HUMAN|HGNC=1582|UniProtKB=P24385	1	6.49036	0	1.16766268185377	1	2	0.0931002766666666	69454477	359.02577	1
EH37E0225351	HUMAN|HGNC=1582|UniProtKB=P24385	1	6.49036	0	0.905798868791273	1	2	0.0515657	69454477	0	1
EH37E0440131	HUMAN|HGNC=31350|UniProtKB=Q9NWM3	1	9.75051	1	0.809715673692652	1	0	0.129413	56033312.75	312.22848	1
EH37E0502078	HUMAN|HGNC=24885|UniProtKB=Q4ZG55	1	0	1	0	0	0	0	11673205	0	1
EH37E0502079	HUMAN|HGNC=24885|UniProtKB=Q4ZG55	1	8.63235	1	0	0	0	0	11673205	0	1
EH37E0502080	HUMAN|HGNC=24885|UniProtKB=Q4ZG55	1	8.63235	1	0.463476930144375	0	0	0.0695406	11673205	535.87971	1
EH37E0601829	HUMAN|HGNC=32594|UniProtKB=Q8TCU6	0	4.43075	1	1.25292351681669	1	0	0.0748311566666667	47444974	374.40754	1
EH37E0619581	HUMAN|HGNC=11755|UniProtKB=P04155	1	8.72199	1	0.67138047470433	0	2	0.0521708	43787342.6666667	117.98674	1
EH37E0619581	HUMAN|HGNC=11756|UniProtKB=Q03403	1	8.72199	0	0.397817302053955	0	2	0.0245995	43771907.3333333	117.98674	1
EH37E0619581	HUMAN|HGNC=11757|UniProtKB=Q07654	1	8.72199	0	0	0	2	0	0	117.98674	1
EH37E0619582	HUMAN|HGNC=11755|UniProtKB=P04155	1	8.72199	1	0.855905624535123	0	2	0.08005934	43787342.6666667	395.05885	1
EH37E0619582	HUMAN|HGNC=11756|UniProtKB=Q03403	1	8.72199	0	0.588022160845248	0	2	0.05701488	43771907.3333333	395.05885	1
EH37E0619582	HUMAN|HGNC=11757|UniProtKB=Q07654	1	8.72199	0	0	0	2	0	0	395.05885	1
EH37E0675037	HUMAN|HGNC=1682|UniProtKB=Q08722	1	8.60321	1	0.707395809441732	1	0	0.0327324522222222	107810503	66.30669	1
EH37E0675134	HUMAN|HGNC=1682|UniProtKB=Q08722	0	0	1	0.180304636778071	0	0	0.00226501	107810503	0	1
EH37E0675135	HUMAN|HGNC=1682|UniProtKB=Q08722	0	0	1	1.08337386309276	0	0	0.0792270075	107810503	0	1
EH37E0734065	HUMAN|HGNC=74|UniProtKB=Q9UNQ0	0	0	0	1.40409659441618	0	0	0.18248247	89153058	0	1
EH37E0734119	HUMAN|HGNC=74|UniProtKB=Q9UNQ0	1	5.00577	0	1.23284736064915	1	1	0.136	89153058	0	1
EH37E0734120	HUMAN|HGNC=74|UniProtKB=Q9UNQ0	1	5.00577	0	0	1	1	0	89153058	0	1
EH37E0734180	HUMAN|HGNC=74|UniProtKB=Q9UNQ0	0	3.37064	0	1.79059173584465	1	2	0.183066	89153058	37.13453	1
EH37E0838343	HUMAN|HGNC=1784|UniProtKB=P38936	1	11.16351	0	0	1	0	0	36642914.6666667	0	1
1031	HUMAN|HGNC=29173|UniProtKB=Q674X7	0	0	1	0.795956709494744	0	2	0.186654	14924115	0	0
10377	HUMAN|HGNC=2231|UniProtKB=P53618	0	0	1	0.360254294344544	0	2	0.012605665	14522778.5	0	0
23301	HUMAN|HGNC=24781|UniProtKB=Q6ZTR7	0	0	0	1.17751086723862	0	0	0.215921733333333	85146922	0	0
24277	HUMAN|HGNC=25500|UniProtKB=Q8IYM2	0	0	0	0	0	2	0	33761091.75	0	0
24499	HUMAN|HGNC=34211|UniProtKB=A8MX34	0	0	0	0	0	2	0	0	0	0
27904	HUMAN|HGNC=13028|UniProtKB=Q9UL36	0	0	1	0.678635464047706	0	0	0.0235181	74533022	0	0
34096	HUMAN|HGNC=11187|UniProtKB=Q07889	0	0	1	0	0	0	0	39352083	0	0
35521	HUMAN|HGNC=28640|UniProtKB=Q53RE8	0	0	0	0	0	2	0	0	0	0
3854	HUMAN|HGNC=25234|UniProtKB=Q9BUV0	0	0	1	0.749990434644913	0	0	0.0433145	25665424	0	0
39620	HUMAN|HGNC=33710|UniProtKB=Q6NVV7	0	0	0	0.39631501450467	0	0	0.0186628	46647554	0	0
4060	HUMAN|HGNC=1913|UniProtKB=P18754	0	0	1	2.03978940282123	0	2	0.0946178	28831439.8	0	0
43606	HUMAN|HGNC=6633|UniProtKB=Q9NZU5	0	0	1	0	0	0	0	8542330	0	0
45229	HUMAN|HGNC=23409|UniProtKB=Q6UWR7	0	0	0	0	1	0	0	0	0	0
54718	HUMAN|HGNC=12311|UniProtKB=Q15654	1	9.32127	1	0	0	2	0	100463368.5	0	0
61596	HUMAN|HGNC=3166|UniProtKB=Q92633	0	0	1	0.686358081711615	0	2	0.0290365	113802303.5	0	0
69467	HUMAN|HGNC=24349|UniProtKB=Q7Z3E2	0	0	1	0	0	0	0	115934585.5	0	0
70564	HUMAN|HGNC=25903|UniProtKB=Q8NBU5	0	0	0	0.852052074857769	0	2	0.0284957	89602397.5	0	0
71885	HUMAN|HGNC=7606|UniProtKB=Q13402	0	0	1	0.679839166533144	0	0	0.082884575	76837663	0	0
76627	HUMAN|HGNC=25836|UniProtKB=Q6ZS17	0	0	0	0.892188824697098	0	0	0.0433761266666667	67551128.75	0	0
78742	HUMAN|HGNC=26820|UniProtKB=Q6NT55	0	0	1	0	0	0	0	15618482	0	0
88542	HUMAN|HGNC=20952|UniProtKB=Q9P0S9	0	0	1	1.41685764908279	0	0	0.108223	10721812.5	0	0
89820	HUMAN|HGNC=14056|UniProtKB=Q5T653	0	0	1	0.40671518683372	0	0	0.0224168	43028403.5	0	0
94266	HUMAN|HGNC=16695|UniProtKB=P51572	0	2.66669	1	0	0	0	0	152990427	0	0
94293	HUMAN|HGNC=17418|UniProtKB=A8MXT2	0	0	0	0	0	0	0	0	0	0
EH37E0065656	HUMAN|HGNC=26546|UniProtKB=Q2M243	0	0	0	0	0	0	0	3667326.66666667	0	0
EH37E0068916	HUMAN|HGNC=8891|UniProtKB=P52209	0	0	1	0	0	0	0	10458277	0	0
EH37E0075621	HUMAN|HGNC=3391|UniProtKB=P29322	0	0	0	0	0	2	0	22889322	0	0
EH37E0075677	HUMAN|HGNC=15945|UniProtKB=P08861	0	0	0	1.07756948767162	0	2	0.160487	22302642	0	0
EH37E0076639	HUMAN|HGNC=10008|UniProtKB=P18577	0	7.31414	1	0	0	2	0	25757375.5	0	0
EH37E0078100	HUMAN|HGNC=8045|UniProtKB=Q9Y266	0	0	1	1.55419605108043	0	0	0.0900142	27225328	0	0
EH37E0078665	HUMAN|HGNC=25793|UniProtKB=Q8IZ21	0	0	1	0	0	2	0	28694988.25	0	0
EH37E0084549	HUMAN|HGNC=24814|UniProtKB=A8MYZ6	0	0	0	0	0	0	0	41826235	0	0
EH37E0086005	HUMAN|HGNC=9670|UniProtKB=P10586	0	0	0	0	0	0	0	43989660	0	0
EH37E0086063	HUMAN|HGNC=26117|UniProtKB=Q5T447	0	0	1	0.751514999544528	0	0	0.033163	45477573	0	0
EH37E0087019	HUMAN|HGNC=20583|UniProtKB=Q86W10	0	0	0	0.432783010683999	0	2	0.0152003	0	0	0
EH37E0087727	HUMAN|HGNC=25668|UniProtKB=Q7L4P6	0	0	1	1.27991008846174	0	0	0.0961213333333333	49242550.5	0	0
EH37E0092788	HUMAN|HGNC=19884|UniProtKB=Q9UJC3	0	0	1	0	0	0	0	60279881	0	0
EH37E0101933	HUMAN|HGNC=29606|UniProtKB=Q8N8V2	0	0	0	0	0	2	0	89642166.5	0	0
EH37E0102887	HUMAN|HGNC=14373|UniProtKB=Q92990	0	0	1	0	0	2	0	92765019.6666667	0	0
EH37E0103176	HUMAN|HGNC=24032|UniProtKB=Q5VVC0	0	0	0	0	0	0	0	0	0	0
EH37E0109738	HUMAN|HGNC=18441|UniProtKB=Q8TDW4	0	2.15082	1	0	0	0	0	113164068.5	0	0
EH37E0116760	HUMAN|HGNC=23059|UniProtKB=Q96GW7	0	0	0	0	0	0	0	156610352.333333	0	0
EH37E0118591	HUMAN|HGNC=3611|UniProtKB=P30273	0	0	0	2.2608825191014	0	0	0.0926332	161184388	0	0
EH37E0118893	HUMAN|HGNC=9280|UniProtKB=P50336	0	0	1	0	0	0	0	161134755	0	0
EH37E0120659	HUMAN|HGNC=18188|UniProtKB=Q9UM00	0	0	1	0.594613738125354	0	0	0.0454108	165798034	0	0
EH37E0124090	HUMAN|HGNC=24663|UniProtKB=Q5R372	0	0	1	0	1	0	0	174127445.5	0	0
EH37E0132582	HUMAN|HGNC=24607|UniProtKB=Q86VF2	0	0	0	0.673673389153531	0	0	0.029271	201159454	0	0
EH37E0132610	HUMAN|HGNC=18823|UniProtKB=Q9P0T7	0	0	0	1.47687951249937	0	2	0.0906538	201141247	0	0
EH37E0135320	HUMAN|HGNC=25575|UniProtKB=Q9NVF9	0	0	1	0	0	0	0	204122043	0	0
EH37E0136370	HUMAN|HGNC=2665|UniProtKB=P08174	0	5.74023	1	1.07665272931526	0	0	0.178579	207493907.333333	0	0
EH37E0138677	HUMAN|HGNC=30384|UniProtKB=Q9UMX5	0	0	0	0.735255884826154	0	0	0.0272491	212605008.333333	0	0
EH37E0138909	HUMAN|HGNC=33709|UniProtKB=Q537H7	0	0	0	0	0	2	0	0	0	0
EH37E0141363	HUMAN|HGNC=1096|UniProtKB=O95861	0	0	1	0	0	2	0	220263852.5	0	0
EH37E0143703	HUMAN|HGNC=26643|UniProtKB=Q6IQ49	0	0	1	0.92900586632076	0	0	0.0540154985714286	226187706	0	0
EH37E0143933	HUMAN|HGNC=30262|UniProtKB=Q96C36	0	0	1	0	0	2	0	226112365.666667	0	0
EH37E0150193	HUMAN|HGNC=26570|UniProtKB=B1ANS9	0	0	0	0	0	0	0	0	0	0
EH37E0158985	HUMAN|HGNC=25205|UniProtKB=Q8WVF2	0	0	0	0	0	0	0	13277164	0	0
EH37E0169112	HUMAN|HGNC=20793|UniProtKB=Q9H2L5	0	0	1	0	0	0	0	45453367.5	0	0
EH37E0177620	HUMAN|HGNC=10534|UniProtKB=Q9NR31	0	0	1	1.14134560357388	0	2	0.03441215	71930515.3333333	0	0
EH37E0177755	HUMAN|HGNC=21411|UniProtKB=Q9BRQ8	0	0	1	0	0	0	0	71893300	0	0
EH37E0186362	HUMAN|HGNC=5302|UniProtKB=P34969	1	6.92821	1	0.424509824008764	0	0	0.0545844	92618928	0	0
EH37E0190270	HUMAN|HGNC=8616|UniProtKB=Q02962	1	6.34988	0	0	0	2	0	102494146	0	0
EH37E0195163	HUMAN|HGNC=26285|UniProtKB=Q5SXH7	1	0	1	0.287115512787882	0	0	0.0108505	115510158.5	0	0
EH37E0195926	HUMAN|HGNC=31670|UniProtKB=A6NNW6	0	0	1	1.88468751148312	0	2	0.734213	118607527.666667	0	0
EH37E0196070	HUMAN|HGNC=19439|UniProtKB=Q7Z418	0	0	0	0	0	0	0	0	0	0
EH37E0196751	HUMAN|HGNC=9992|UniProtKB=O43665	0	0	1	0.497919997630716	0	0	0.0206671	121302234	0	0
EH37E0197543	HUMAN|HGNC=25782|UniProtKB=Q9BTE3	0	0	1	0.661282724682945	0	0	0.0106305	121652664	0	0
EH37E0199536	HUMAN|HGNC=8091|UniProtKB=P04181	0	0	1	1.01132957458888	0	0	0.0517154	126108159.333333	0	0
EH37E0200721	HUMAN|HGNC=33859|UniProtKB=Q6ZSG2	0	0	1	0.98017309350811	0	0	0.151143045	128994421	0	0
EH37E0203174	HUMAN|HGNC=7517|UniProtKB=Q6W4X9	0	4.60609	0	0.975565395542858	0	0	0.0607061	1037506	0	0
EH37E0203550	HUMAN|HGNC=26616|UniProtKB=Q8NB37	0	0	1	0.573684182503103	0	0	0.0243072666666667	778286.166666667	0	0
EH37E0204672	HUMAN|HGNC=15222|UniProtKB=Q8NGK4	0	0	0	0	0	2	0	4508098	0	0
EH37E0205271	HUMAN|HGNC=9250|UniProtKB=Q8ND30	0	0	1	1.26370099782297	0	0	0.131379455	7532617	0	0
EH37E0214581	HUMAN|HGNC=25655|UniProtKB=Q9NUJ3	0	0	1	0.574337290863435	0	0	0.0171975	33060314.5	0	0
EH37E0214742	HUMAN|HGNC=1689|UniProtKB=P13987	1	8.83521	1	0.969546795409663	0	0	0.10407105	33758689.5	0	0
EH37E0217701	HUMAN|HGNC=34391|UniProtKB=Q4AC99	0	0	0	0	0	0	0	44068878	0	0
EH37E0219831	HUMAN|HGNC=15294|UniProtKB=Q8NGP3	0	0	0	0	0	0	0	0	0	0
EH37E0220991	HUMAN|HGNC=1181|UniProtKB=Q9Y2G1	0	0	0	0	0	2	0	61519018.5	0	0
EH37E0222637	HUMAN|HGNC=20738|UniProtKB=Q86TM6	1	3.02684	1	0.781418791996483	0	2	0.043517345	64902263	0	0
EH37E0222840	HUMAN|HGNC=9955|UniProtKB=Q04206	0	0	1	0	0	2	0	65430915	0	0
EH37E0223209	HUMAN|HGNC=9955|UniProtKB=Q04206	0	0	1	0	0	0	0	65430915	0	0
EH37E0223429	HUMAN|HGNC=18219|UniProtKB=Q9HCU0	0	0	0	0	0	0	0	66084243	0	0
EH37E0228125	HUMAN|HGNC=1546|UniProtKB=P50454	0	0	0	0	0	0	0	75271673	0	0
EH37E0234677	HUMAN|HGNC=18444|UniProtKB=Q7Z3Z4	0	0	1	0	0	0	0	94275991.6666667	0	0
EH37E0236241	HUMAN|HGNC=7156|UniProtKB=P09238	0	0	0	0.38595273107623	0	2	0.0398799	102651137	0	0
EH37E0236512	HUMAN|HGNC=2962|UniProtKB=Q8NCM8	0	3.15154	1	0.429400143414189	0	2	0.0108384	102979135	0	0
EH37E0236724	HUMAN|HGNC=590|UniProtKB=Q13490	0	0	1	0	0	0	0	102216621	0	0
EH37E0237418	HUMAN|HGNC=1506|UniProtKB=P51878	0	0	0	0.643610477390955	0	0	0.100757	104894782	0	0
EH37E0242614	HUMAN|HGNC=1674|UniProtKB=P07766	0	0	0	1.42153724859278	0	2	0.254181666666667	0	0	0
EH37E0242943	HUMAN|HGNC=14646|UniProtKB=Q9BY78	0	0	1	0	0	2	0	119204424.5	0	0
EH37E0245030	HUMAN|HGNC=29214|UniProtKB=Q3KR37	0	0	0	0	0	0	0	123394938.666667	0	0
EH37E0245768	HUMAN|HGNC=16714|UniProtKB=Q96KN3	0	2.54547	1	0	1	0	0	125032988.5	0	0
EH37E0248174	HUMAN|HGNC=11344|UniProtKB=Q9Y5Y6	0	0	0	0.677074108665721	0	0	0.04183369	130028339	0	0
EH37E0251998	HUMAN|HGNC=1583|UniProtKB=P30279	0	0	0	0.672561882177497	1	2	0.07082395	4381927	0	0
EH37E0256281	HUMAN|HGNC=3420|UniProtKB=Q12929	0	0	1	0	0	2	0	16036052.8	0	0
EH37E0260176	HUMAN|HGNC=11322|UniProtKB=Q14714	0	0	0	0.728922283660261	0	0	0.0200827	26271810	0	0
EH37E0264216	HUMAN|HGNC=19369|UniProtKB=Q8NEY8	0	0	1	0.157111942977205	0	0	0.00154509	42630951.25	0	0
EH37E0267355	HUMAN|HGNC=24550|UniProtKB=Q9H8H3	0	0	0	0.876247392873647	0	0	0.04483125	51316336.3333333	0	0
EH37E0267811	HUMAN|HGNC=1053|UniProtKB=Q9UBW5	1	5.57609	0	1.18953705649225	0	0	0.0615557	51718627	0	0
EH37E0269858	HUMAN|HGNC=16049|UniProtKB=Q15185	0	0	1	0.745017431055418	0	0	0.145065	57083080.8571429	0	0
EH37E0286047	HUMAN|HGNC=17422|UniProtKB=Q9NPF2	0	0	0	0	0	0	0	104848714	0	0
EH37E0289882	HUMAN|HGNC=9873|UniProtKB=O95294	0	0	1	1.31875869647335	0	0	0.0680842333333333	113574187.5	0	0
EH37E0291391	HUMAN|HGNC=5185|UniProtKB=O00198	0	0	0	0.862516863250829	0	0	0.153499	117320089.666667	0	0
EH37E0293747	HUMAN|HGNC=14002|UniProtKB=O14519	0	0	1	0	0	0	0	123757403	0	0
EH37E0294191	HUMAN|HGNC=25406|UniProtKB=Q8N3J9	0	0	0	0.883483873070004	0	0	0.058178	124454673	0	0
EH37E0294491	HUMAN|HGNC=25406|UniProtKB=Q8N3J9	0	0	0	0	1	2	0	124454673	0	0
EH37E0297403	HUMAN|HGNC=10790|UniProtKB=Q12872	0	0	1	0.484759961601325	0	0	0.0242747	132194649	0	0
EH37E0301543	HUMAN|HGNC=6107|UniProtKB=P52945	0	2.71499	0	0	0	0	0	28493648.5	0	0
EH37E0306011	HUMAN|HGNC=6586|UniProtKB=Q9Y693	0	0	1	0.490779631303364	0	0	0.0177781	40178854	0	0
EH37E0317202	HUMAN|HGNC=3180|UniProtKB=P24530	0	0	0	0	0	0	0	78494123	0	0
EH37E0323494	HUMAN|HGNC=16034|UniProtKB=Q86UB2	0	0	0	0	0	0	0	0	0	0
EH37E0327769	HUMAN|HGNC=272|UniProtKB=Q9UGN5	0	0	1	0	0	2	0	20810709	0	0
EH37E0327916	HUMAN|HGNC=16978|UniProtKB=Q14507	0	0	0	0	0	2	0	21213694	0	0
EH37E0332163	HUMAN|HGNC=9535|UniProtKB=P60900	0	4.04262	0	1.80837219939928	0	0	0.129707706666667	35746379.5	0	0
EH37E0341763	HUMAN|HGNC=163|UniProtKB=P12814	1	7.58557	0	0.792102807736988	0	0	0.0899657	69447256.5	0	0
EH37E0344453	HUMAN|HGNC=17427|UniProtKB=Q92784	0	0	1	0	0	0	0	73361023.5	0	0
EH37E0347330	HUMAN|HGNC=12373|UniProtKB=P16473	0	0	0	0.810044885383966	0	2	0.192966666666667	0	0	0
EH37E0352506	HUMAN|HGNC=18359|UniProtKB=Q8IW75	0	0	0	0.103255187613587	0	0	0.00701509	94985044	0	0
EH37E0356734	HUMAN|HGNC=20492|UniProtKB=Q96IL0	0	0	1	0.109233249840994	0	0	0.00156429	104028312.75	0	0
EH37E0357294	HUMAN|HGNC=20093|UniProtKB=Q8N142	0	0	1	0.956676687234134	0	0	0.187444766666667	105189191.333333	0	0
EH37E0357781	HUMAN|HGNC=20511|UniProtKB=Q9BTD3	0	0	1	0	0	0	0	105991622.5	0	0
EH37E0358661	HUMAN|HGNC=7114|UniProtKB=Q13064	0	0	0	0	0	0	0	0	0	0
EH37E0363238	HUMAN|HGNC=9878|UniProtKB=O95267	0	0	0	0	0	2	0	38858428	0	0
EH37E0365106	HUMAN|HGNC=18810|UniProtKB=Q96P56	0	3.05968	0	1.33314547235801	0	2	0.0891384	0	0	0
EH37E0379056	HUMAN|HGNC=2590|UniProtKB=P05108	0	0	0	1.46478614082315	0	2	0.679199	74660882	0	0
EH37E0381471	HUMAN|HGNC=22995|UniProtKB=Q7Z5M5	0	0	0	0.822802347050482	0	2	0.0512189666666667	81667640	0	0
EH37E0388939	HUMAN|HGNC=30922|UniProtKB=Q8NG48	0	3.92126	1	0.949477734350231	0	2	0.082923	101143277	0	0
EH37E0390313	HUMAN|Ensembl=ENSG00000259784|UniProtKB=H3BQ15	0	0	1	0	0	2	0	2562741.5	0	0
EH37E0390431	HUMAN|HGNC=34454|UniProtKB=A6NI56	0	0	0	0	0	0	0	1495385.5	0	0
EH37E0394759	HUMAN|HGNC=4621|UniProtKB=P15170	0	0	1	0.99008510213066	0	2	0.0626945014285714	12010014	0	0
EH37E0397428	HUMAN|HGNC=30931|UniProtKB=Q68CK6	0	0	0	0.845802911209618	0	0	0.0872654	0	0	0
EH37E0400890	HUMAN|HGNC=28200|UniProtKB=Q96H86	0	0	1	1.16741055421075	0	0	0.320598	30570470.2	0	0
EH37E0407989	HUMAN|HGNC=621|UniProtKB=Q13564	0	0	1	0	0	0	0	66908063.6	0	0
EH37E0408161	HUMAN|HGNC=26014|UniProtKB=Q9NX74	0	0	0	0.633753830885885	0	2	0.0437906	68021283	0	0
EH37E0408268	HUMAN|HGNC=17289|UniProtKB=Q96BJ8	0	0	0	1.52567138787342	0	2	0.157523	67231829	0	0
EH37E0414435	HUMAN|HGNC=29834|UniProtKB=Q8WUS8	0	0	1	0	0	0	0	82046619	0	0
EH37E0414743	HUMAN|HGNC=7214|UniProtKB=Q99547	0	0	1	1.68754421757017	0	2	0.09573425	82204184	0	0
EH37E0415422	HUMAN|HGNC=12608|UniProtKB=Q14694	1	7.48464	1	0.556514339362015	1	1	0.0153985	0	0	0
EH37E0417083	HUMAN|HGNC=13450|UniProtKB=Q8N9N5	0	0	0	0	0	2	0	87981341	0	0
EH37E0417759	HUMAN|HGNC=16510|UniProtKB=Q5XUX0	0	0	1	0	0	0	0	87426070.6666667	0	0
EH37E0418313	HUMAN|HGNC=19762|UniProtKB=Q8IX07	0	0	1	1.49542530205369	0	0	0.3104594	88518456.25	0	0
EH37E0418331	HUMAN|HGNC=26479|UniProtKB=Q96MU6	0	0	1	0	0	0	0	89283226.3333333	0	0
EH37E0420035	HUMAN|HGNC=8282|UniProtKB=P47881	0	0	0	0	0	2	0	0	0	0
EH37E0420383	HUMAN|HGNC=8186|UniProtKB=P58170	0	0	0	0	0	2	0	0	0	0
EH37E0421429	HUMAN|HGNC=32224|UniProtKB=Q0VD86	0	0	1	0.479398227832826	0	2	0.0313118	4901559.33333333	0	0
EH37E0429467	HUMAN|HGNC=4430|UniProtKB=O95249	0	0	1	0	0	2	0	28802286	0	0
EH37E0430077	HUMAN|HGNC=16260|UniProtKB=Q8IXA5	0	0	0	0	0	2	0	31297081	0	0
EH37E0433785	HUMAN|HGNC=27258|UniProtKB=Q86VR2	0	0	1	0	0	2	0	40763413	0	0
EH37E0433855	HUMAN|HGNC=24990|UniProtKB=Q9Y2R0	0	0	1	0	0	0	0	40950403	0	0
EH37E0435996	HUMAN|HGNC=7900|UniProtKB=P55786	0	0	0	0	0	0	0	45599070	0	0
EH37E0436422	HUMAN|HGNC=5119|UniProtKB=P17481	0	0	0	0	0	0	0	46693187.25	0	0
EH37E0442614	HUMAN|HGNC=3449|UniProtKB=O75460	0	0	1	1.10275518705342	0	0	0.0386091	62209152.75	0	0
EH37E0444885	HUMAN|HGNC=9557|UniProtKB=O00232	0	0	1	0.365532913757231	0	0	0.005057465	0	0	0
EH37E0448113	HUMAN|HGNC=6158|UniProtKB=P16144	0	0	1	0	0	0	0	73716371.25	0	0
EH37E0448201	HUMAN|HGNC=29504|UniProtKB=Q401N2	0	0	1	0.881134296565553	0	2	0.186093	74066814	0	0
EH37E0450629	HUMAN|HGNC=27097|UniProtKB=A6NFN3	0	0	0	1.35196849025653	0	2	0.143123	0	0	0
EH37E0478415	HUMAN|HGNC=8996|UniProtKB=O60331	0	0	1	1.83251913987682	0	2	0.295601	0	0	0
EH37E0478588	HUMAN|HGNC=25934|UniProtKB=Q8N594	0	0	1	1.24896715350899	0	0	0.11771865	4342096.5	0	0
EH37E0481293	HUMAN|HGNC=14276|UniProtKB=Q9BYD3	0	0	0	0	0	2	0	10361145.5	0	0
EH37E0481455	HUMAN|HGNC=8780|UniProtKB=P27815	0	0	1	1.76308312288838	1	0	0.301648	10526658.5	0	0
EH37E0490341	HUMAN|HGNC=28292|UniProtKB=Q8N6I1	0	0	0	0.73214400033621	0	0	0.030043975	40031706	0	0
EH37E0490709	HUMAN|HGNC=15654|UniProtKB=Q96SQ9	1	5.98371	1	0.623060195164472	0	2	0.0347102666666667	41698397	0	0
EH37E0493578	HUMAN|HGNC=17868|UniProtKB=Q96PG8	0	0	0	0.243289235023747	0	2	0.003287	47736425.5	0	0
EH37E0493805	HUMAN|HGNC=11459|UniProtKB=O00204	1	0	0	0	0	2	0	49054507	0	0
EH37E0493990	HUMAN|HGNC=8043|UniProtKB=Q02818	0	0	1	0	0	0	0	49402379.5	0	0
EH37E0494364	HUMAN|HGNC=30719|UniProtKB=Q9UJT2	0	0	0	1.31640310719603	0	0	0.440355	50267542.75	0	0
EH37E0496788	HUMAN|HGNC=34332|UniProtKB=Q9Y2P0	0	0	0	1.43765672776608	0	0	0.1819515	57183969.3333333	0	0
EH37E0504783	HUMAN|HGNC=8111|UniProtKB=Q8TAX0	0	0	0	0.840883819582584	1	0	0.0416082366666667	19559039.3333333	0	0
EH37E0506885	HUMAN|HGNC=234|UniProtKB=O60266	1	6.09073	1	0	0	0	0	25142908	0	0
EH37E0507610	HUMAN|HGNC=26147|UniProtKB=Q8NDL9	1	6.77234	0	0.605335403571346	0	2	0.044004	27264019	0	0
EH37E0517154	HUMAN|HGNC=42967|UniProtKB=A6NEH6	0	0	0	0	0	2	0	46656012	0	0
EH37E0517221	HUMAN|HGNC=42967|UniProtKB=A6NEH6	0	0	0	0	0	0	0	46656012	0	0
EH37E0518857	HUMAN|HGNC=40043|UniProtKB=A0A0A6YYF3	0	0	0	0	0	0	0	54088978	0	0
EH37E0523793	HUMAN|HGNC=7000|UniProtKB=O00470	0	0	1	0.792131179720449	0	0	0.112126	66659474.6666667	0	0
EH37E0524935	HUMAN|HGNC=20869|UniProtKB=O95393	0	0	0	0	0	2	0	0	0	0
EH37E0525372	HUMAN|HGNC=33857|UniProtKB=Q5FWF7	0	0	1	0	0	0	0	68695063.25	0	0
EH37E0528448	HUMAN|HGNC=9951|UniProtKB=P05451	0	0	0	0.93968392042896	0	0	0.298687	79347274	0	0
EH37E0532172	HUMAN|HGNC=24079|UniProtKB=A6QL64	0	0	1	0	0	2	0	97778405.1666667	0	0
EH37E0532583	HUMAN|HGNC=6074|UniProtKB=Q96PE3	0	0	1	1.15113829011619	0	2	0.3287805	99060990	0	0
EH37E0548536	HUMAN|HGNC=24543|UniProtKB=Q52LR7	0	0	1	0	0	2	0	149400674.5	0	0
EH37E0557790	HUMAN|HGNC=21610|UniProtKB=Q9C0E8	0	0	1	1.08327291079256	0	2	0.114733995555556	176868627.333333	0	0
EH37E0562039	HUMAN|HGNC=24910|UniProtKB=Q9NWL6	1	6.94826	1	0.511070787910224	0	0	0.065912	190525139.5	35.51061	0
EH37E0567263	HUMAN|HGNC=1653|UniProtKB=P10747	0	0	0	0	0	0	0	204569908	0	0
EH37E0572202	HUMAN|HGNC=17209|UniProtKB=Q9NRP7	0	0	1	1.00825840889251	0	0	0.139663466666667	219535856	0	0
EH37E0572838	HUMAN|HGNC=29092|UniProtKB=O75147	1	3.03804	1	0.810983055303443	0	0	0.0267125	220437688	0	0
EH37E0576617	HUMAN|HGNC=17133|UniProtKB=Q13342	0	0	0	0	0	0	0	231067447.5	0	0
EH37E0577171	HUMAN|HGNC=11206|UniProtKB=P23497	0	0	0	0	0	2	0	0	0	0
EH37E0579293	HUMAN|HGNC=698|UniProtKB=P56559	0	0	1	0.79170799114373	0	0	0.0384534	235407187	0	0
EH37E0591690	HUMAN|HGNC=16233|UniProtKB=Q9H4G1	0	0	0	0	0	0	0	0	0	0
EH37E0593071	HUMAN|HGNC=16140|UniProtKB=Q8TBE9	0	0	1	0	0	0	0	25605257	0	0
EH37E0595796	HUMAN|HGNC=15877|UniProtKB=Q9BV94	0	3.7576	1	0	0	0	0	33867077.5	0	0
EH37E0595947	HUMAN|HGNC=15925|UniProtKB=Q9Y3Z3	1	9.37225	0	0	0	0	0	35581108	0	0
EH37E0600281	HUMAN|HGNC=13251|UniProtKB=Q9UJ99	0	0	1	1.4633642131317	0	0	0.10809395	44937773.5	0	0
EH37E0617396	HUMAN|HGNC=6261|UniProtKB=Q99712	0	0	0	1.08270554347936	0	2	0.0559825	39528164	0	0
EH37E0620671	HUMAN|HGNC=1273|UniProtKB=P30042	0	0	1	0.855072634798705	0	2	0.037660384	45552348.5	0	0
EH37E0621180	HUMAN|HGNC=22968|UniProtKB=P60369	0	0	0	0	0	0	0	0	0	0
EH37E0626065	HUMAN|HGNC=25323|UniProtKB=A4QPB2	1	10.42431	0	0	0	0	0	25802554.25	0	0
EH37E0628794	HUMAN|HGNC=40047|UniProtKB=B5MCN3	0	0	0	0.403630812226275	0	0	0.0232506	0	0	0
EH37E0629187	HUMAN|HGNC=11126|UniProtKB=P53814	0	0	0	0	1	0	0	31458827	0	0
EH37E0629374	HUMAN|HGNC=3029|UniProtKB=Q9Y295	0	0	1	0	1	2	0	31793970.5	0	0
EH37E0633232	HUMAN|HGNC=10332|UniProtKB=P39023	0	0	1	1.10345412574345	0	2	0.119742934	39716697	0	0
EH37E0633596	HUMAN|HGNC=28052|UniProtKB=Q9NQH7	0	0	1	0.335303996922135	0	2	0.0114766	41251362	0	0
EH37E0638300	HUMAN|HGNC=18127|UniProtKB=Q96RT7	0	7.87884	1	0.766825724998154	0	2	0.0188376	50684584	0	0
EH37E0652792	HUMAN|HGNC=174|UniProtKB=Q13705	0	0	1	0	0	2	0	38494580	0	0
EH37E0656205	HUMAN|HGNC=7584|UniProtKB=P08590	0	0	0	0.27104041455672	0	0	0.0096503268	46924170.5	0	0
EH37E0656780	HUMAN|HGNC=15572|UniProtKB=Q9BQQ7	0	0	0	0	0	2	0	46538155.3333333	0	0
EH37E0660959	HUMAN|HGNC=19766|UniProtKB=A6NK59	0	0	0	0	0	2	0	57326935.5	0	0
EH37E0678884	HUMAN|HGNC=26968|UniProtKB=Q96CX6	0	0	1	0	0	0	0	120069413.5	0	0
EH37E0681996	HUMAN|HGNC=33870|UniProtKB=Q6F5E7	0	0	0	0	0	0	0	0	0	0
EH37E0683754	HUMAN|HGNC=13556|UniProtKB=Q9HBG6	0	0	1	0.232215676470352	0	0	0.0059091	129157862.5	0	0
EH37E0694290	HUMAN|HGNC=15678|UniProtKB=P0DPB3	0	0	0	0	0	0	0	0	0	0
EH37E0707900	HUMAN|HGNC=7659|UniProtKB=P52298	0	0	1	0	0	0	0	196670790	0	0
EH37E0709089	HUMAN|HGNC=11253|UniProtKB=Q9BUD6	0	0	0	1.3030675398839	0	0	0.161314	1203056.66666667	0	0
EH37E0710604	HUMAN|HGNC=26021|UniProtKB=Q9NX58	0	0	1	0	0	2	0	4292426.33333333	0	0
EH37E0712121	HUMAN|HGNC=2333|UniProtKB=Q66K79	0	0	0	0.487758408675551	0	0	0.0412027	8592860.5	0	0
EH37E0720677	HUMAN|HGNC=29088|UniProtKB=Q29RF7	0	0	1	1.36522676628095	0	2	0.0546779	39980439	0	0
EH37E0731725	HUMAN|HGNC=5036|UniProtKB=Q14103	0	0	1	0.698394719897322	0	2	0.0566112333333333	83296543	0	0
EH37E0733426	HUMAN|HGNC=7135|UniProtKB=P51825	0	0	1	1.46537587524491	0	0	0.0894574	87855536.5	0	0
EH37E0734388	HUMAN|HGNC=27733|UniProtKB=Q6ZVF9	0	0	1	0.918140271484786	0	2	0.0775269	0	0	0
EH37E0734539	HUMAN|HGNC=7178|UniProtKB=Q13201	0	0	0	0.394751085849689	0	2	0.0128753	90800000.5	0	0
EH37E0735742	HUMAN|HGNC=17890|UniProtKB=O60760	0	0	0	0	0	2	0	0	0	0
EH37E0747782	HUMAN|HGNC=30782|UniProtKB=Q9BXJ9	0	0	1	0.435175116459434	0	0	0.0130645233333333	140221450.25	0	0
EH37E0748158	HUMAN|HGNC=20335|UniProtKB=Q9UIL1	0	0	0	1.46416513740363	0	0	0.117777	141177203.75	0	0
EH37E0753263	HUMAN|HGNC=7957|UniProtKB=P49146	0	0	0	0.647579481852323	0	0	0.0463078	156128344	0	0
EH37E0754360	HUMAN|HGNC=25633|UniProtKB=Q7Z5S9	0	0	0	1.14234134847762	0	0	0.052247462	159122373	0	0
EH37E0754974	HUMAN|HGNC=25638|UniProtKB=Q96EY4	0	0	1	1.01298660941823	0	0	0.0466263	164414100	0	0
EH37E0755863	HUMAN|HGNC=11843|UniProtKB=O43897	0	0	1	0.35344104512157	1	2	0.0126311	166792714	0	0
EH37E0763166	HUMAN|HGNC=10680|UniProtKB=P31040	0	0	1	0	0	2	0	217732	0	0
EH37E0774365	HUMAN|HGNC=28646|UniProtKB=Q8IY84	0	0	1	0.793940647279557	0	0	0.10484705	43190912.6666667	0	0
EH37E0777302	HUMAN|HGNC=28508|UniProtKB=Q8NE22	0	0	1	1.34397279702074	0	2	0.233282	56204048.5	0	0
EH37E0786995	HUMAN|HGNC=28091|UniProtKB=Q52LC2	0	0	1	0	0	2	0	81574470.3333333	0	0
EH37E0791741	HUMAN|HGNC=18173|UniProtKB=Q9NZ08	0	0	1	0.455747549116144	0	0	0.0121094	96144544	0	0
EH37E0801860	HUMAN|HGNC=33869|UniProtKB=Q6ZMN8	0	6.39325	1	0.677205162765832	0	0	0.0553837	0	0	0
EH37E0802149	HUMAN|HGNC=6014|UniProtKB=P05112	0	0	0	0	0	2	0	132009236	0	0
EH37E0804571	HUMAN|HGNC=17970|UniProtKB=Q9BPZ3	0	0	1	0.372094541279343	0	0	0.0101563	138675759	0	0
EH37E0804937	HUMAN|HGNC=19409|UniProtKB=O43300	0	0	0	0	0	2	0	138211689.666667	0	0
EH37E0805757	HUMAN|HGNC=8689|UniProtKB=Q9Y5E5	0	0	1	0	0	2	0	140501184	0	0
EH37E0808574	HUMAN|HGNC=28317|UniProtKB=Q8WU08	0	0	1	0	0	0	0	146613546	0	0
EH37E0826813	HUMAN|HGNC=21384|UniProtKB=Q9NUH8	0	0	1	0.836776697101214	0	0	0.0418551433333333	10746972.5	0	0
EH37E0835202	HUMAN|HGNC=2730|UniProtKB=Q08345	0	2.90779	0	0	0	2	0	0	0	0
EH37E0836064	HUMAN|HGNC=4943|UniProtKB=P01906	0	0	0	0	0	0	0	0	0	0
EH37E0836171	HUMAN|HGNC=2681|UniProtKB=Q9UER7	1	5.63393	0	0	0	2	0	0	0	0
EH37E0837529	HUMAN|HGNC=11658|UniProtKB=Q8WWU5	0	0	0	0.946627368437259	0	2	0.231017	35117480.6666667	0	0
EH37E0840083	HUMAN|HGNC=6280|UniProtKB=O95279	0	0	1	1.10518583506436	0	0	0.2302125	39198073.75	0	0
EH37E0841223	HUMAN|HGNC=4415|UniProtKB=Q14749	0	0	1	0	0	0	0	42927555	0	0
EH37E0842019	HUMAN|HGNC=9181|UniProtKB=Q9Y253	0	0	1	0	0	2	0	43542963.5	0	0
EH37E0843947	HUMAN|HGNC=19030|UniProtKB=Q8IZF2	0	0	0	0.829022834180588	0	2	0.01579505	46922793	0	0
EH37E0853474	HUMAN|HGNC=4090|UniProtKB=P24046	0	0	0	0	0	2	0	0	0	0
EH37E0855729	HUMAN|HGNC=20742|UniProtKB=Q5TGI0	0	0	1	0.936284042808474	0	0	0.0640688	99798512	0	0
EH37E0859771	HUMAN|HGNC=2727|UniProtKB=Q99489	0	0	0	0.370853784346577	0	2	0.0331897	110737378	0	0
EH37E0864151	HUMAN|HGNC=21487|UniProtKB=Q8TC41	0	0	0	0	1	1	0	125282112.5	0	0
EH37E0875080	HUMAN|HGNC=21055|UniProtKB=Q6UB35	1	8.43658	1	0	1	1	0	151184927.5	0	0
EH37E0876478	HUMAN|HGNC=8156|UniProtKB=P35372	0	0	0	0	0	0	0	0	0	0
EH37E0879653	HUMAN|HGNC=6899|UniProtKB=P04201	0	0	0	0	0	0	0	0	0	0
EH37E0881407	HUMAN|Ensembl=ENSG00000249141|UniProtKB=H0YAE9	0	0	1	0	0	0	0	167370356.5	0	0
EH37E0883980	HUMAN|HGNC=22421|UniProtKB=Q9BRJ6	1	11.00083	1	0.542809578312253	1	1	0.0546898	1178683	0	0
EH37E0884080	HUMAN|HGNC=22420|UniProtKB=Q9BT73	1	7.00434	1	1.15806395789757	0	0	0.0521629	1611540.8	0	0
EH37E0895212	HUMAN|HGNC=41995|UniProtKB=F8WBC2	0	0	0	0	0	0	0	30790352.25	0	0
EH37E0903403	HUMAN|HGNC=13286|UniProtKB=Q6PIW4	0	0	0	0	0	0	0	50518749.5	0	0
EH37E0908445	HUMAN|HGNC=12749|UniProtKB=Q9GZY6	0	0	0	0	0	0	0	73613301	0	0
EH37E0908473	HUMAN|HGNC=1005|UniProtKB=Q9BQE9	0	0	1	1.2606090513226	0	0	0.13080245	72972634	0	0
EH37E0917111	HUMAN|HGNC=848|UniProtKB=P56134	0	0	1	1.17761816255082	0	0	0.0407697	99064075	0	0
EH37E0921049	HUMAN|HGNC=33712|UniProtKB=A4D0T2	0	0	0	0	0	0	0	0	0	0
EH37E0924153	HUMAN|HGNC=14587|UniProtKB=Q9NXR8	0	0	1	1.17459623225103	0	0	0.239917	120589739.5	0	0
EH37E0924220	HUMAN|HGNC=26159|UniProtKB=A4D0V7	0	0	0	0	0	2	0	120627127.5	0	0
EH37E0925385	HUMAN|HGNC=11217|UniProtKB=P38567	0	0	0	0	1	1	0	0	0	0
EH37E0932298	HUMAN|HGNC=7043|UniProtKB=O43451	0	0	0	0	1	2	0	141607351	0	0
EH37E0934442	HUMAN|HGNC=17922|UniProtKB=Q9BWE0	0	0	1	0	0	0	0	150063561	0	0
EH37E0939297	HUMAN|HGNC=6954|UniProtKB=Q8NEM0	0	0	1	0	0	0	0	6263033.33333333	0	0
EH37E0941520	HUMAN|HGNC=32399|UniProtKB=Q4QY38	0	0	0	0	0	0	0	0	0	0
EH37E0943466	HUMAN|HGNC=735|UniProtKB=Q13510	0	0	1	0.983171141931319	0	0	0.0664277333333333	17943284.25	0	0
EH37E0947232	HUMAN|HGNC=25591|UniProtKB=Q86WR0	0	0	1	0	0	2	0	27631181	0	0
EH37E0952040	HUMAN|HGNC=20880|UniProtKB=Q86UL3	0	0	0	0.98176604136269	0	2	0.154351416666667	41433066	0	0
EH37E0953463	HUMAN|HGNC=25678|UniProtKB=Q9HAE3	0	0	0	0	0	0	0	49648288	0	0
EH37E0960657	HUMAN|HGNC=6232|UniProtKB=Q92953	0	0	1	0	0	0	0	73448301	0	0
EH37E0961257	HUMAN|Ensembl=ENSG00000258677|UniProtKB=H3BMM0	0	0	1	0	0	0	0	74791724.6666667	0	0
EH37E0964313	HUMAN|HGNC=14914|UniProtKB=Q8N1Q1	0	0	1	1.01394581879772	0	0	0.0565416333333333	86131753	0	0
EH37E0967090	HUMAN|HGNC=24500|UniProtKB=Q69YN4	0	0	1	1.08745802865632	0	0	0.04579365	95566339.25	0	0
EH37E0967627	HUMAN|HGNC=6908|UniProtKB=O00339	0	0	1	1.51448676837888	0	2	0.13792942	98879943.3333333	0	0
EH37E0968343	HUMAN|HGNC=2183|UniProtKB=Q7Z7G8	0	0	1	0.60618958557536	0	2	0.0140251	100023990.2	0	0
EH37E0968800	HUMAN|HGNC=13432|UniProtKB=Q9NV58	0	0	0	1.30005945909376	0	2	0.131543	101348890	0	0
EH37E0982346	HUMAN|HGNC=18117|UniProtKB=O75525	0	0	1	1.01399805462371	0	2	0.0563464	136468600.5	0	0
EH37E0990342	HUMAN|HGNC=9527|UniProtKB=O75475	0	0	1	1.13114714725125	0	0	0.1110405	15512206	0	0
EH37E0990994	HUMAN|HGNC=29828|UniProtKB=Q6TFL3	0	0	1	0	0	2	0	15551622.5	0	0
EH37E0996121	HUMAN|HGNC=8157|UniProtKB=Q99720	0	0	1	0.734516794092171	0	0	0.0591359	34637463	0	0
EH37E1001528	HUMAN|HGNC=1908|UniProtKB=Q96RL7	0	0	1	0	0	0	0	79790553.5	0	0
EH37E1008340	HUMAN|HGNC=31116|UniProtKB=Q5T035	0	0	0	0	0	0	0	96109844.5	0	0
EH37E1009614	HUMAN|HGNC=30967|UniProtKB=Q9BU70	0	0	1	1.11511234613342	0	0	0.0650558	100685622.2	0	0
EH37E1011553	HUMAN|HGNC=16767|UniProtKB=Q8TCU5	0	0	0	1.03340315843547	1	0	0.0535263	104501676	0	0
EH37E1015588	HUMAN|HGNC=12863|UniProtKB=Q9Y6Q3	0	0	0	0.835021202373589	0	0	0.0368406	0	0	0
EH37E1018715	HUMAN|HGNC=12031|UniProtKB=Q13077	0	0	1	0	0	0	0	123692185	0	0
EH37E1020782	HUMAN|HGNC=8634|UniProtKB=P40426	0	0	0	0	0	0	0	128508210	0	0
EH37E1022448	HUMAN|HGNC=4315|UniProtKB=Q53GS7	1	8.12154	1	0	0	2	0	131266110.25	0	0
EH37E1022806	HUMAN|HGNC=24932|UniProtKB=Q9NZ63	0	0	1	0	0	0	0	132598492.75	0	0
EH37E1027001	HUMAN|HGNC=13613|UniProtKB=Q969U6	0	0	1	0	0	0	0	139840075	0	0
EH37E1028079	HUMAN|HGNC=24324|UniProtKB=Q8WX92	0	0	1	0.928731099877658	0	2	0.11509	140148337.75	0	0
EH37E1036325	HUMAN|HGNC=20893|UniProtKB=Q6W2J9	0	0	1	0	0	0	0	40036984.5	0	0
EH37E1037086	HUMAN|HGNC=20893|UniProtKB=Q6W2J9	0	0	1	0	0	0	0	40036984.5	0	0
EH37E1052459	HUMAN|HGNC=28089|UniProtKB=Q8TE69	0	0	1	1.39957276251505	0	0	0.0920956	148620684	0	0
EH37E1052777	HUMAN|HGNC=2568|UniProtKB=Q13495	0	0	0	0.965936125259955	1	0	0.0571058	149528674.666667	0	0
