truelink	H3K4me1	eQTL_Zscore	coeff_abs	H3K27ac_promoter	p300	gene	H3K27ac_enhancer	H3K4me3	nearest	intronic_target	H3K27ac_H3K4me1	H3K27ac_H3K4me3	H3K27ac_promoterH3K27ac	H3K4me1_H3K4me3	H3K4me1_promoterH3K27ac	eQTL_eQTL_coeff_abs	H3K27ac_H3K4me1_H3K4me3	H3K27ac_promoterH3K27ac_H3K4me1
1	3.13640456329883	0.63362224064848	0.949138052660817	-0.210428873054695	4.90683093307707	HUMAN|HGNC=31350|UniProtKB=Q9NWM3	1	1	1	0	3.13640456329883	1	-0.210428873054695	3.13640456329883	-0.659990077698576	0.601394979611681	3.13640456329883	-0.659990077698576
1	2.71744961471763	0.174333219857137	-0.404967206712325	0.696950319557297	-0.177885575249609	HUMAN|HGNC=1682|UniProtKB=Q08722	1	1	1	0	2.71744961471763	1	0.696950319557297	2.71744961471763	1.8939273773583	-0.0705992370827104	2.71744961471763	1.8939273773583
1	2.71744961471763	0.531039085117979	-0.0332146326721756	0.696950319557297	-0.177885575249609	HUMAN|HGNC=1682|UniProtKB=Q08722	1	1	1	0	2.71744961471763	1	0.696950319557297	2.71744961471763	1.8939273773583	-0.0176382681467619	2.71744961471763	1.8939273773583
1	-0.424150144005689	0.493061608670646	0.0641436395090282	0.696950319557297	-0.177885575249609	HUMAN|HGNC=1682|UniProtKB=Q08722	0	1	0	0	0	0	0	-0.424150144005689	-0.295611578405038	0.0316267660823115	0	0
1	3.65238411733459	-0.869093207432479	-0.547068247698008	-0.550239582603194	-0.177885575249609	HUMAN|HGNC=1784|UniProtKB=P38936	1	0	1	0	3.65238411733459	0	-0.550239582603194	0	-2.00968631222872	0.475453298076328	0	-2.00968631222872
1	1.4037868497704	-0.869093207432479	-0.547068247698008	0.369984385358064	-0.177885575249609	HUMAN|HGNC=74|UniProtKB=Q9UNQ0	1	0	1	1	1.4037868497704	0	0.369984385358064	0	0.519379214786035	0.475453298076328	0	0.519379214786035
1	1.94590863754532	1.29792023590038	0.52930909085234	0.0247728658244808	5.6689361484884	HUMAN|HGNC=1582|UniProtKB=P24385	1	0	1	2	1.94590863754532	0	0.0247728658244808	0	0.0482057335846085	0.687000980063287	0	0.0482057335846085
1	1.94590863754532	0.81193878590839	0.0491077564315077	0.0247728658244808	-0.177885575249609	HUMAN|HGNC=1582|UniProtKB=P24385	1	0	1	2	1.94590863754532	0	0.0247728658244808	0	0.0482057335846085	0.0398724921356833	0	0.0482057335846085
1	3.13640456329883	0.63362224064848	0.949138052660817	-0.210428873054695	4.90683093307707	HUMAN|HGNC=31350|UniProtKB=Q9NWM3	1	1	1	0	3.13640456329883	1	-0.210428873054695	3.13640456329883	-0.659990077698576	0.601394979611681	3.13640456329883	-0.659990077698576
1	-0.424150144005689	-0.869093207432479	-0.547068247698008	-0.98782599638307	-0.177885575249609	HUMAN|HGNC=24885|UniProtKB=Q4ZG55	1	1	0	0	-0.424150144005689	1	-0.98782599638307	-0.424150144005689	0.418986538618442	0.475453298076328	-0.424150144005689	0.418986538618442
1	2.72809055187587	-0.869093207432479	-0.547068247698008	-0.98782599638307	-0.177885575249609	HUMAN|HGNC=24885|UniProtKB=Q4ZG55	1	1	0	0	2.72809055187587	1	-0.98782599638307	2.72809055187587	-2.69487876763002	0.475453298076328	2.72809055187587	-2.69487876763002
1	2.72809055187587	-0.00894690498921422	0.256924271219974	-0.98782599638307	8.54904544627128	HUMAN|HGNC=24885|UniProtKB=Q4ZG55	1	1	0	0	2.72809055187587	1	-0.98782599638307	2.72809055187587	-2.69487876763002	-0.00229867704402822	2.72809055187587	-2.69487876763002
1	1.19380909806365	1.45615204241929	0.318090956306265	-0.360936844677456	5.91943200282649	HUMAN|HGNC=32594|UniProtKB=Q8TCU6	0	1	1	0	0	0	0	1.19380909806365	-0.430889689002332	0.463188795700472	0	0
1	2.76082403186438	0.37689207315019	0.0561036102664944	-0.425035698827084	1.74355709596875	HUMAN|HGNC=11755|UniProtKB=P04155	1	1	0	2	2.76082403186438	1	-0.425035698827084	2.76082403186438	-1.17344877172209	0.0211450059845494	2.76082403186438	-1.17344877172209
1	2.76082403186438	-0.13080170001468	-0.262661527463743	-0.425306198254151	1.74355709596875	HUMAN|HGNC=11756|UniProtKB=Q03403	1	0	0	2	2.76082403186438	0	-0.425306198254151	0	-1.17419557304094	0.0343565743207101	0	-1.17419557304094
1	2.76082403186438	-0.869093207432479	-0.547068247698008	-1.19239529179968	1.74355709596875	HUMAN|HGNC=11757|UniProtKB=Q07654	1	0	0	2	2.76082403186438	0	-1.19239529179968	0	-3.2919935770825	0.475453298076328	0	-3.2919935770825
1	2.76082403186438	0.719344124183894	0.378536513110947	-0.425035698827084	6.25574359386256	HUMAN|HGNC=11755|UniProtKB=P04155	1	1	0	2	2.76082403186438	1	-0.425035698827084	2.76082403186438	-1.17344877172209	0.272298016495419	2.76082403186438	-1.17344877172209
1	2.76082403186438	0.222191071265459	0.112108362613184	-0.425306198254151	6.25574359386256	HUMAN|HGNC=11756|UniProtKB=Q03403	1	0	0	2	2.76082403186438	0	-0.425306198254151	0	-1.17419557304094	0.0249094771868399	0	-1.17419557304094
1	2.76082403186438	-0.869093207432479	-0.547068247698008	-1.19239529179968	6.25574359386256	HUMAN|HGNC=11757|UniProtKB=Q07654	1	0	0	2	2.76082403186438	0	-1.19239529179968	0	-3.2919935770825	0.475453298076328	0	-3.2919935770825
1	2.71744961471763	0.443731337395733	-0.168632532266923	0.696950319557297	0.901934949948796	HUMAN|HGNC=1682|UniProtKB=Q08722	1	1	1	0	2.71744961471763	1	0.696950319557297	2.71744961471763	1.8939273773583	-0.0748275390712307	2.71744961471763	1.8939273773583
1	-0.424150144005689	-0.534473819602921	-0.520881371322561	0.696950319557297	-0.177885575249609	HUMAN|HGNC=1682|UniProtKB=Q08722	0	1	0	0	0	0	0	-0.424150144005689	-0.295611578405038	0.278397456090777	0	0
1	-0.424150144005689	1.1414923511899	0.368913514413031	0.696950319557297	-0.177885575249609	HUMAN|HGNC=1682|UniProtKB=Q08722	0	1	0	0	0	0	0	-0.424150144005689	-0.295611578405038	0.421111954953059	0	0
1	-0.424150144005689	1.73670746010893	1.56269986925346	0.369984385358064	-0.177885575249609	HUMAN|HGNC=74|UniProtKB=Q9UNQ0	0	0	0	0	0	0	0	0	-0.156928930329479	2.71395252084374	0	0
1	1.4037868497704	1.41889359356963	1.0252935463165	0.369984385358064	-0.177885575249609	HUMAN|HGNC=74|UniProtKB=Q9UNQ0	1	0	1	1	1.4037868497704	0	0.369984385358064	0	0.519379214786035	1.45478244439677	0	0.519379214786035
1	1.4037868497704	-0.869093207432479	-0.547068247698008	0.369984385358064	-0.177885575249609	HUMAN|HGNC=74|UniProtKB=Q9UNQ0	1	0	1	1	1.4037868497704	0	0.369984385358064	0	0.519379214786035	0.475453298076328	0	0.519379214786035
1	0.806692972777832	2.4539866711981	1.56944634188332	0.369984385358064	0.426859250462486	HUMAN|HGNC=74|UniProtKB=Q9UNQ0	0	0	1	2	0	0	0	0	0.298463803705876	3.85140040414229	0	0
1	3.65238411733459	-0.869093207432479	-0.547068247698008	-0.550239582603194	-0.177885575249609	HUMAN|HGNC=1784|UniProtKB=P38936	1	0	1	0	3.65238411733459	0	-0.550239582603194	0	-2.00968631222872	0.475453298076328	0	-2.00968631222872
0	-0.424150144005689	0.608087588521149	1.61092894568423	-0.93085480739403	-0.177885575249609	HUMAN|HGNC=29173|UniProtKB=Q674X7	0	1	0	2	0	0	0	-0.424150144005689	0.394822200604565	0.979585897860042	0	0
0	-0.424150144005689	-0.200513221966448	-0.401328056270464	-0.937888105021371	-0.177885575249609	HUMAN|HGNC=2231|UniProtKB=P53618	0	1	0	2	0	0	0	-0.424150144005689	0.397805374806037	0.0804715816283227	0	0
0	-0.424150144005689	1.31619704687761	1.94930736988084	0.299778095066485	-0.177885575249609	HUMAN|HGNC=24781|UniProtKB=Q6ZTR7	0	0	0	0	0	0	0	0	-0.1271509221922	2.56567260369392	0	0
0	-0.424150144005689	-0.869093207432479	-0.547068247698008	-0.600742634984947	-0.177885575249609	HUMAN|HGNC=25500|UniProtKB=Q8IYM2	0	0	0	2	0	0	0	0	0.254805075139222	0.475453298076328	0	0
0	-0.424150144005689	-0.869093207432479	-0.547068247698008	-1.19239529179968	-0.177885575249609	HUMAN|HGNC=34211|UniProtKB=A8MX34	0	0	0	2	0	0	0	0	0.505754634728539	0.475453298076328	0	0
0	-0.424150144005689	0.390356286473659	-0.275164116022915	0.113772791071364	-0.177885575249609	HUMAN|HGNC=13028|UniProtKB=Q9UL36	0	1	0	0	0	0	0	-0.424150144005689	-0.0482567457168483	-0.107412042501512	0	0
0	-0.424150144005689	-0.869093207432479	-0.547068247698008	-0.50276224821945	-0.177885575249609	HUMAN|HGNC=11187|UniProtKB=Q07889	0	1	0	0	0	0	0	-0.424150144005689	0.213246679982904	0.475453298076328	0	0
0	-0.424150144005689	-0.869093207432479	-0.547068247698008	-1.19239529179968	-0.177885575249609	HUMAN|HGNC=28640|UniProtKB=Q53RE8	0	0	0	2	0	0	0	0	0.505754634728539	0.475453298076328	0	0
0	-0.424150144005689	0.52278081535154	-0.0462883585300551	-0.742616700209063	-0.177885575249609	HUMAN|HGNC=25234|UniProtKB=Q9BUV0	0	1	0	0	0	0	0	-0.424150144005689	0.314980980334703	-0.0241986658136266	0	0
0	-0.424150144005689	-0.133589728925464	-0.331298588217611	-0.37491138273715	-0.177885575249609	HUMAN|HGNC=33710|UniProtKB=Q6NVV7	0	0	0	0	0	0	0	0	0.159018716977334	0.0442580885933795	0	0
0	-0.424150144005689	2.91646158178453	0.546853912255715	-0.687133255732259	-0.177885575249609	HUMAN|HGNC=1913|UniProtKB=P18754	0	1	0	2	0	0	0	-0.424150144005689	0.291447669369935	1.59487842594236	0	0
0	-0.424150144005689	-0.869093207432479	-0.547068247698008	-1.0426936092441	-0.177885575249609	HUMAN|HGNC=6633|UniProtKB=Q9NZU5	0	1	0	0	0	0	0	-0.424150144005689	0.442258644514698	0.475453298076328	0	0
0	-0.424150144005689	-0.869093207432479	-0.547068247698008	-1.19239529179968	-0.177885575249609	HUMAN|HGNC=23409|UniProtKB=Q6UWR7	0	0	1	0	0	0	0	0	0.505754634728539	0.475453298076328	0	0
0	2.97966071066308	-0.869093207432479	-0.547068247698008	0.568194067268738	-0.177885575249609	HUMAN|HGNC=12311|UniProtKB=Q15654	1	1	0	2	2.97966071066308	1	0.568194067268738	2.97966071066308	1.69302553827251	0.475453298076328	2.97966071066308	1.69302553827251
0	-0.424150144005689	0.404688350481085	-0.21136322393402	0.801954764057491	-0.177885575249609	HUMAN|HGNC=3166|UniProtKB=Q92633	0	1	0	2	0	0	0	-0.424150144005689	-0.340149228661033	-0.0855362344462226	0	0
0	-0.424150144005689	-0.869093207432479	-0.547068247698008	0.839322344458034	-0.177885575249609	HUMAN|HGNC=24349|UniProtKB=Q7Z3E2	0	1	0	0	0	0	0	-0.424150144005689	-0.355998693269067	0.475453298076328	0	0
0	-0.424150144005689	0.712192492051471	-0.217615674361984	0.377858920665021	-0.177885575249609	HUMAN|HGNC=25903|UniProtKB=Q8NBU5	0	0	0	2	0	0	0	0	-0.160268915613903	-0.154984249433322	0	0
0	-0.424150144005689	0.392590184591886	0.411200421736775	0.15416090946372	-0.177885575249609	HUMAN|HGNC=7606|UniProtKB=Q13402	0	1	0	0	0	0	0	-0.424150144005689	-0.0653873719490845	0.161433249473902	0	0
0	-0.424150144005689	0.786680508004358	-0.0455758628230023	-0.0085827216457073	-0.177885575249609	HUMAN|HGNC=25836|UniProtKB=Q6ZS17	0	0	0	0	0	0	0	0	0.00364036262198749	-0.0358536429183363	0	0
0	-0.424150144005689	-0.869093207432479	-0.547068247698008	-0.918686241181876	-0.177885575249609	HUMAN|HGNC=26820|UniProtKB=Q6NT55	0	1	0	0	0	0	0	-0.424150144005689	0.389660901493337	0.475453298076328	0	0
0	-0.424150144005689	1.76039013614492	0.70415021137282	-1.00449885472743	-0.177885575249609	HUMAN|HGNC=20952|UniProtKB=Q9P0S9	0	1	0	0	0	0	0	-0.424150144005689	0.426058333886188	1.23957908646507	0	0
0	-0.424150144005689	-0.114288509831736	-0.287896778109298	-0.438335872223257	-0.177885575249609	HUMAN|HGNC=14056|UniProtKB=Q5T653	0	1	0	0	0	0	0	-0.424150144005689	0.185920223326354	0.0329032937554696	0	0
0	0.549634369052795	-0.869093207432479	-0.547068247698008	1.48871446827703	-0.177885575249609	HUMAN|HGNC=16695|UniProtKB=P51572	0	1	0	0	0	0	0	0.549634369052795	0.818248637471215	0.475453298076328	0	0
0	-0.424150144005689	-0.869093207432479	-0.547068247698008	-1.19239529179968	-0.177885575249609	HUMAN|HGNC=17418|UniProtKB=A8MXT2	0	0	0	0	0	0	0	0	0.505754634728539	0.475453298076328	0	0
0	-0.424150144005689	-0.869093207432479	-0.547068247698008	-1.12812652994186	-0.177885575249609	HUMAN|HGNC=26546|UniProtKB=Q2M243	0	0	0	0	0	0	0	0	0.478495030131477	0.475453298076328	0	0
0	-0.424150144005689	-0.869093207432479	-0.547068247698008	-1.00911723258957	-0.177885575249609	HUMAN|HGNC=8891|UniProtKB=P52209	0	1	0	0	0	0	0	-0.424150144005689	0.428017219521489	0.475453298076328	0	0
0	-0.424150144005689	-0.869093207432479	-0.547068247698008	-0.791267026331549	-0.177885575249609	HUMAN|HGNC=3391|UniProtKB=P29322	0	0	0	2	0	0	0	0	0.33561602316548	0.475453298076328	0	0
0	-0.424150144005689	1.13072026798194	1.30839959962557	-0.801548411284098	-0.177885575249609	HUMAN|HGNC=15945|UniProtKB=P08861	0	0	0	2	0	0	0	0	0.339976874073681	1.47943394591609	0	0
0	2.24672508271417	-0.869093207432479	-0.547068247698008	-0.741005278704215	-0.177885575249609	HUMAN|HGNC=10008|UniProtKB=P18577	0	1	0	2	0	0	0	2.24672508271417	-1.66483514608836	0.475453298076328	0	0
0	-0.424150144005689	2.0152703922667	0.493629465528324	-0.715279866648995	-0.177885575249609	HUMAN|HGNC=8045|UniProtKB=Q9Y266	0	1	0	0	0	0	0	-0.424150144005689	0.303386058443541	0.994796846629668	0	0
0	-0.424150144005689	-0.869093207432479	-0.547068247698008	-0.689524526804942	-0.177885575249609	HUMAN|HGNC=25793|UniProtKB=Q8IZ21	0	1	0	2	0	0	0	-0.424150144005689	0.29246192733977	0.475453298076328	0	0
0	-0.424150144005689	-0.869093207432479	-0.547068247698008	-0.459403502151546	-0.177885575249609	HUMAN|HGNC=24814|UniProtKB=A8MYZ6	0	0	0	0	0	0	0	0	0.194856061594296	0.475453298076328	0	0
0	-0.424150144005689	-0.869093207432479	-0.547068247698008	-0.42149015033971	-0.177885575249609	HUMAN|HGNC=9670|UniProtKB=P10586	0	0	0	0	0	0	0	0	0.178775107963567	0.475453298076328	0	0
0	-0.424150144005689	0.525610187809906	-0.163654761117837	-0.395414936715755	-0.177885575249609	HUMAN|HGNC=26117|UniProtKB=Q5T447	0	1	0	0	0	0	0	-0.424150144005689	0.167715302349988	-0.0860186097271316	0	0
0	-0.424150144005689	-0.06591039036293	-0.371330225804194	-1.19239529179968	-0.177885575249609	HUMAN|HGNC=20583|UniProtKB=Q86W10	0	0	0	2	0	0	0	0	0.505754634728539	0.0244745201363094	0	0
0	-0.424150144005689	1.50623522521952	0.564236988501014	-0.329434874304927	-0.177885575249609	HUMAN|HGNC=25668|UniProtKB=Q7L4P6	0	1	0	0	0	0	0	-0.424150144005689	0.139729849376931	0.849873627452007	0	0
0	-0.424150144005689	-0.869093207432479	-0.547068247698008	-0.136009082188258	-0.177885575249609	HUMAN|HGNC=19884|UniProtKB=Q9UJC3	0	1	0	0	0	0	0	-0.424150144005689	0.0576882717962314	0.475453298076328	0	0
0	-0.424150144005689	-0.869093207432479	-0.547068247698008	0.378555860049657	-0.177885575249609	HUMAN|HGNC=29606|UniProtKB=Q8N8V2	0	0	0	2	0	0	0	0	-0.160564522554259	0.475453298076328	0	0
0	-0.424150144005689	-0.869093207432479	-0.547068247698008	0.433282892770708	-0.177885575249609	HUMAN|HGNC=14373|UniProtKB=Q92990	0	1	0	2	0	0	0	-0.424150144005689	-0.183777001363897	0.475453298076328	0	0
0	-0.424150144005689	-0.869093207432479	-0.547068247698008	-1.19239529179968	-0.177885575249609	HUMAN|HGNC=24032|UniProtKB=Q5VVC0	0	0	0	0	0	0	0	0	0.505754634728539	0.475453298076328	0	0
0	0.361256186080091	-0.869093207432479	-0.547068247698008	0.790769893727516	-0.177885575249609	HUMAN|HGNC=18441|UniProtKB=Q8TDW4	0	1	0	0	0	0	0	0.361256186080091	0.285670515874961	0.475453298076328	0	0
0	-0.424150144005689	-0.869093207432479	-0.547068247698008	1.55215253647687	-0.177885575249609	HUMAN|HGNC=23059|UniProtKB=Q96GW7	0	0	0	0	0	0	0	0	-0.658345721865459	0.475453298076328	0	0
0	-0.424150144005689	3.32677850177623	0.523908991546883	1.6323110922069	-0.177885575249609	HUMAN|HGNC=3611|UniProtKB=P30273	0	0	0	0	0	0	0	0	-0.692344984821638	1.74292916996543	0	0
0	-0.424150144005689	-0.869093207432479	-0.547068247698008	1.63144128928307	-0.177885575249609	HUMAN|HGNC=9280|UniProtKB=P50336	0	1	0	0	0	0	0	-0.424150144005689	-0.691976057786241	0.475453298076328	0	0
0	-0.424150144005689	0.234424087530122	-0.0220520200830505	1.71316380673745	-0.177885575249609	HUMAN|HGNC=18188|UniProtKB=Q9UM00	0	1	0	0	0	0	0	-0.424150144005689	-0.726638675333024	-0.00516952468616504	0	0
0	-0.424150144005689	-0.869093207432479	-0.547068247698008	1.85913415864937	-0.177885575249609	HUMAN|HGNC=24663|UniProtKB=Q5R372	0	1	1	0	0	0	0	-0.424150144005689	-0.788552021117027	0.475453298076328	0	0
0	-0.424150144005689	0.381147391499444	-0.208652055987723	2.33286171954981	-0.177885575249609	HUMAN|HGNC=24607|UniProtKB=Q86VF2	0	0	0	0	0	0	0	0	-0.989483634292412	-0.0795271868707165	0	0
0	-0.424150144005689	1.87178205346741	0.501024190553704	2.33254264752447	-0.177885575249609	HUMAN|HGNC=18823|UniProtKB=Q9P0T7	0	0	0	2	0	0	0	0	-0.989348299846912	0.937808088231461	0	0
0	-0.424150144005689	-0.869093207432479	-0.547068247698008	2.38478017248018	-0.177885575249609	HUMAN|HGNC=25575|UniProtKB=Q9NVF9	0	1	0	0	0	0	0	-0.424150144005689	-1.01150485357938	0.475453298076328	0	0
0	1.67198666806984	1.12901889676113	1.51756996416462	2.44387104862862	-0.177885575249609	HUMAN|HGNC=2665|UniProtKB=P08174	0	1	0	0	0	0	0	1.67198666806984	4.08611981178891	1.71336516669896	0	0
0	-0.424150144005689	0.495435617089301	-0.232028220041531	2.53344150767334	-0.177885575249609	HUMAN|HGNC=30384|UniProtKB=Q9UMX5	0	0	0	0	0	0	0	0	-1.07455958030963	-0.114955044378408	0	0
0	-0.424150144005689	-0.869093207432479	-0.547068247698008	-1.19239529179968	-0.177885575249609	HUMAN|HGNC=33709|UniProtKB=Q537H7	0	0	0	2	0	0	0	0	0.505754634728539	0.475453298076328	0	0
0	-0.424150144005689	-0.869093207432479	-0.547068247698008	2.66766037514638	-0.177885575249609	HUMAN|HGNC=1096|UniProtKB=O95861	0	1	0	2	0	0	0	-0.424150144005689	-1.13148853227661	0.475453298076328	0	0
0	-0.424150144005689	0.855007624544177	0.0774310628781671	2.77147406955561	-0.177885575249609	HUMAN|HGNC=26643|UniProtKB=Q6IQ49	0	1	0	0	0	0	0	-0.424150144005689	-1.17552112571004	0.0662041491373925	0	0
0	-0.424150144005689	-0.869093207432479	-0.547068247698008	2.77015375359213	-0.177885575249609	HUMAN|HGNC=30262|UniProtKB=Q96C36	0	1	0	2	0	0	0	-0.424150144005689	-1.174961113504	0.475453298076328	0	0
0	-0.424150144005689	-0.869093207432479	-0.547068247698008	-1.19239529179968	-0.177885575249609	HUMAN|HGNC=26570|UniProtKB=B1ANS9	0	0	0	0	0	0	0	0	0.505754634728539	0.475453298076328	0	0
0	-0.424150144005689	-0.869093207432479	-0.547068247698008	-0.959717112618317	-0.177885575249609	HUMAN|HGNC=25205|UniProtKB=Q8WVF2	0	0	0	0	0	0	0	0	0.407064151521783	0.475453298076328	0	0
0	-0.424150144005689	-0.869093207432479	-0.547068247698008	-0.395839130592262	-0.177885575249609	HUMAN|HGNC=20793|UniProtKB=Q9H2L5	0	1	0	0	0	0	0	-0.424150144005689	0.167895224243794	0.475453298076328	0	0
0	-0.424150144005689	1.24907953617773	-0.149212733654651	0.0681646692987204	-0.177885575249609	HUMAN|HGNC=10534|UniProtKB=Q9NR31	0	1	0	2	0	0	0	-0.424150144005689	-0.0289120542991524	-0.186378572145164	0	0
0	-0.424150144005689	-0.869093207432479	-0.547068247698008	0.0675124821300133	-0.177885575249609	HUMAN|HGNC=21411|UniProtKB=Q9BRQ8	0	1	0	0	0	0	0	-0.424150144005689	-0.0286354290176266	0.475453298076328	0	0
0	2.10579656941691	-0.0812642310080502	0.0840084075167402	0.430722681644779	-0.177885575249609	HUMAN|HGNC=5302|UniProtKB=P34969	1	1	0	0	2.10579656941691	1	0.430722681644779	2.10579656941691	0.907014345377629	-0.0068268786350588	2.10579656941691	0.907014345377629
0	1.89461011825944	-0.869093207432479	-0.547068247698008	0.603782812803739	-0.177885575249609	HUMAN|HGNC=8616|UniProtKB=Q02962	1	0	0	2	1.89461011825944	0	0.603782812803739	0	1.14393302636911	0.475453298076328	0	1.14393302636911
0	-0.424150144005689	-0.336248246580449	-0.421620367948343	0.8318843929832	-0.177885575249609	HUMAN|HGNC=26285|UniProtKB=Q5SXH7	1	1	0	0	-0.424150144005689	1	0.8318843929832	-0.424150144005689	-0.352843885079909	0.141769109445234	-0.424150144005689	-0.352843885079909
0	-0.424150144005689	2.62861485272539	7.94152344251359	0.88616482651197	-0.177885575249609	HUMAN|HGNC=31670|UniProtKB=A6NNW6	0	1	0	2	0	0	0	-0.424150144005689	-0.375866938777828	20.8752064742581	0	0
0	-0.424150144005689	-0.869093207432479	-0.547068247698008	-1.19239529179968	-0.177885575249609	HUMAN|HGNC=19439|UniProtKB=Q7Z418	0	0	0	0	0	0	0	0	0.505754634728539	0.475453298076328	0	0
0	-0.424150144005689	0.0549744581171466	-0.308125906278322	0.933388718833283	-0.177885575249609	HUMAN|HGNC=9992|UniProtKB=O43665	0	1	0	0	0	0	0	-0.424150144005689	-0.395896959506422	-0.0169390547295054	0	0
0	-0.424150144005689	0.35815210621983	-0.424163894379837	0.939529895844467	-0.177885575249609	HUMAN|HGNC=25782|UniProtKB=Q9BTE3	0	1	0	0	0	0	0	-0.424150144005689	-0.39850174062008	-0.151915192154544	0	0
0	-0.424150144005689	1.00778854774608	0.0508385105533017	1.01761106901601	-0.177885575249609	HUMAN|HGNC=8091|UniProtKB=P04181	0	1	0	0	0	0	0	-0.424150144005689	-0.431619881464923	0.0512344687200857	0	0
0	-0.424150144005689	0.949966614752738	1.20036961545652	1.06819190911417	-0.177885575249609	HUMAN|HGNC=33859|UniProtKB=Q6ZSG2	0	1	0	0	0	0	0	-0.424150144005689	-0.453073752076487	1.14031106004728	0	0
0	1.25783730401172	0.941415392221873	0.154784342769818	-1.17421332108894	-0.177885575249609	HUMAN|HGNC=7517|UniProtKB=Q6W4X9	0	0	0	0	0	0	0	0	-1.47696931813316	0.145716362758454	0	0
0	-0.424150144005689	0.195581852438395	-0.266040178406911	-1.1787560682319	-0.177885575249609	HUMAN|HGNC=26616|UniProtKB=Q8NB37	0	1	0	0	0	0	0	-0.424150144005689	0.499969556088141	-0.0520326309158647	0	0
0	-0.424150144005689	-0.869093207432479	-0.547068247698008	-1.11339227321746	-0.177885575249609	HUMAN|HGNC=15222|UniProtKB=Q8NGK4	0	0	0	2	0	0	0	0	0.472245493020008	0.475453298076328	0	0
0	-0.424150144005689	1.47615349197216	0.97187319024647	-1.06038851625405	-0.177885575249609	HUMAN|HGNC=9250|UniProtKB=Q8ND30	0	1	0	0	0	0	0	-0.424150144005689	0.449763941871132	1.43463400353645	0	0
0	-0.424150144005689	0.196793927311375	-0.348239630399739	-0.613023538839243	-0.177885575249609	HUMAN|HGNC=25655|UniProtKB=Q9NUJ3	0	1	0	0	0	0	0	-0.424150144005689	0.260014022277542	-0.0685314445118266	0	0
0	2.80216812606674	0.930245738861048	0.656147508794448	-0.600784733670776	-0.177885575249609	HUMAN|HGNC=1689|UniProtKB=P13987	1	1	0	0	2.80216812606674	1	-0.600784733670776	2.80216812606674	-1.68349983131974	0.610378424120327	2.80216812606674	-1.68349983131974
0	-0.424150144005689	-0.869093207432479	-0.547068247698008	-0.420101879471143	-0.177885575249609	HUMAN|HGNC=34391|UniProtKB=Q4AC99	0	0	0	0	0	0	0	0	0.178186272674746	0.475453298076328	0	0
0	-0.424150144005689	-0.869093207432479	-0.547068247698008	-1.19239529179968	-0.177885575249609	HUMAN|HGNC=15294|UniProtKB=Q8NGP3	0	0	0	0	0	0	0	0	0.505754634728539	0.475453298076328	0	0
0	-0.424150144005689	-0.869093207432479	-0.547068247698008	-0.114293582006492	-0.177885575249609	HUMAN|HGNC=1181|UniProtKB=Q9Y2G1	0	0	0	2	0	0	0	0	0.0484776392669795	0.475453298076328	0	0
0	0.681148902942378	0.581107311471633	-0.0439431693527987	-0.0550032719684927	-0.177885575249609	HUMAN|HGNC=20738|UniProtKB=Q86TM6	1	1	0	2	0.681148902942378	1	-0.0550032719684927	0.681148902942378	-0.0374654183595801	-0.0255356970001475	0.681148902942378	-0.0374654183595801
0	-0.424150144005689	-0.869093207432479	-0.547068247698008	-0.0457388097097915	-0.177885575249609	HUMAN|HGNC=9955|UniProtKB=Q04206	0	1	0	2	0	0	0	-0.424150144005689	0.0194001227250569	0.475453298076328	0	0
0	-0.424150144005689	-0.869093207432479	-0.547068247698008	-0.0457388097097915	-0.177885575249609	HUMAN|HGNC=9955|UniProtKB=Q04206	0	1	0	0	0	0	0	-0.424150144005689	0.0194001227250569	0.475453298076328	0	0
0	-0.424150144005689	-0.869093207432479	-0.547068247698008	-0.0342894392381907	-0.177885575249609	HUMAN|HGNC=18219|UniProtKB=Q9HCU0	0	0	0	0	0	0	0	0	0.0145438705907529	0.475453298076328	0	0
0	-0.424150144005689	-0.869093207432479	-0.547068247698008	0.126717420642144	-0.177885575249609	HUMAN|HGNC=1546|UniProtKB=P50454	0	0	0	0	0	0	0	0	-0.0537472122133949	0.475453298076328	0	0
0	-0.424150144005689	-0.869093207432479	-0.547068247698008	0.459762208214429	-0.177885575249609	HUMAN|HGNC=18444|UniProtKB=Q7Z3Z4	0	1	0	0	0	0	0	-0.424150144005689	-0.195008206822524	0.475453298076328	0	0
0	-0.424150144005689	-0.152820631687043	-0.0859974307191893	0.606534031364259	-0.177885575249609	HUMAN|HGNC=7156|UniProtKB=P09238	0	0	0	2	0	0	0	0	-0.257261496747501	0.0131421816859692	0	0
0	0.726685102792527	-0.0721885038666098	-0.421760261902075	0.612282094536117	-0.177885575249609	HUMAN|HGNC=2962|UniProtKB=Q8NCM8	0	1	0	2	0	0	0	0.726685102792527	0.444936276806002	0.0304462422971003	0	0
0	-0.424150144005689	-0.869093207432479	-0.547068247698008	0.598919273295053	-0.177885575249609	HUMAN|HGNC=590|UniProtKB=Q13490	0	1	0	0	0	0	0	-0.424150144005689	-0.254031696015879	0.475453298076328	0	0
0	-0.424150144005689	0.325354965358184	0.617832173474935	0.64585321378374	-0.177885575249609	HUMAN|HGNC=1506|UniProtKB=P51878	0	0	0	0	0	0	0	0	-0.27393873363291	0.201014765398109	0	0
0	-0.424150144005689	1.7690747975674	2.39164896851964	-1.19239529179968	-0.177885575249609	HUMAN|HGNC=1674|UniProtKB=P07766	0	0	0	2	0	0	0	0	0.505754634728539	4.23100591483614	0	0
0	-0.424150144005689	-0.869093207432479	-0.547068247698008	0.896625258298385	-0.177885575249609	HUMAN|HGNC=14646|UniProtKB=Q9BY78	0	1	0	2	0	0	0	-0.424150144005689	-0.380303732426398	0.475453298076328	0	0
0	-0.424150144005689	-0.869093207432479	-0.547068247698008	0.970062718748055	-0.177885575249609	HUMAN|HGNC=29214|UniProtKB=Q3KR37	0	0	0	0	0	0	0	0	-0.411452241851537	0.475453298076328	0	0
0	0.505368946872883	-0.869093207432479	-0.547068247698008	0.998769033788545	-0.177885575249609	HUMAN|HGNC=16714|UniProtKB=Q96KN3	0	1	1	0	0	0	0	0.505368946872883	0.504746854774964	0.475453298076328	0	0
0	-0.424150144005689	0.387458636188895	-0.0634087193256039	1.08631100123827	-0.177885575249609	HUMAN|HGNC=11344|UniProtKB=Q9Y5Y6	0	0	0	0	0	0	0	0	-0.460758967610178	-0.0245682559123829	0	0
0	-0.424150144005689	0.379084594942822	0.271761701428419	-1.11560338084146	-0.177885575249609	HUMAN|HGNC=1583|UniProtKB=P30279	0	0	1	2	0	0	0	0	0.473183334637139	0.103020674506964	0	0
0	-0.424150144005689	-0.869093207432479	-0.547068247698008	-0.911368442484556	-0.177885575249609	HUMAN|HGNC=3420|UniProtKB=Q12929	0	1	0	2	0	0	0	-0.424150144005689	0.386557056122064	0.475453298076328	0	0
0	-0.424150144005689	0.483681367266562	-0.314882437399073	-0.731989973721308	-0.177885575249609	HUMAN|HGNC=11322|UniProtKB=Q14714	0	0	0	0	0	0	0	0	0.310473652764613	-0.152302767849411	0	0
0	-0.424150144005689	-0.577516112582422	-0.529204714725112	-0.445301099574636	-0.177885575249609	HUMAN|HGNC=19369|UniProtKB=Q8NEY8	0	1	0	0	0	0	0	-0.424150144005689	0.188874525510473	0.305624249608336	0	0
0	-0.424150144005689	0.757095510894962	-0.0287524780074704	-0.293092421073793	-0.177885575249609	HUMAN|HGNC=24550|UniProtKB=Q9H8H3	0	0	0	0	0	0	0	0	0.124315192605425	-0.021768372026562	0	0
0	1.61204832129034	1.33851591874847	0.164606979388897	-0.286042401971697	-0.177885575249609	HUMAN|HGNC=1053|UniProtKB=Q9UBW5	1	0	0	0	1.61204832129034	0	-0.286042401971697	0	-0.461114173916332	0.220329062249141	0	-0.461114173916332
0	-0.424150144005689	0.513551638295826	1.13009839677784	-0.192032012721218	-0.177885575249609	HUMAN|HGNC=16049|UniProtKB=Q15185	0	1	0	0	0	0	0	-0.424150144005689	0.0814504058494068	0.580363883100746	0	0
0	-0.424150144005689	-0.869093207432479	-0.547068247698008	0.645045886378691	-0.177885575249609	HUMAN|HGNC=17422|UniProtKB=Q9NPF2	0	0	0	0	0	0	0	0	-0.273596305597799	0.475453298076328	0	0
0	-0.424150144005689	1.57833263581953	0.240086511626276	0.797957101942137	-0.177885575249609	HUMAN|HGNC=9873|UniProtKB=O95294	0	1	0	0	0	0	0	-0.424150144005689	-0.33845361969912	0.378936376719818	0	0
0	-0.424150144005689	0.731613629235878	1.2276079509743	0.863602875055402	-0.177885575249609	HUMAN|HGNC=5185|UniProtKB=O00198	0	0	0	0	0	0	0	0	-0.366297283818475	0.898134708291127	0	0
0	-0.424150144005689	-0.869093207432479	-0.547068247698008	0.976414793716633	-0.177885575249609	HUMAN|HGNC=14002|UniProtKB=O14519	0	1	0	0	0	0	0	-0.424150144005689	-0.414146475364195	0.475453298076328	0	0
0	-0.424150144005689	0.770525373912441	0.125555755626818	0.988634234102983	-0.177885575249609	HUMAN|HGNC=25406|UniProtKB=Q8N3J9	0	0	0	0	0	0	0	0	-0.419329352763734	0.0967438955512128	0	0
0	-0.424150144005689	-0.869093207432479	-0.547068247698008	0.988634234102983	-0.177885575249609	HUMAN|HGNC=25406|UniProtKB=Q8N3J9	0	0	1	2	0	0	0	0	-0.419329352763734	0.475453298076328	0	0
0	-0.424150144005689	0.0305513302450113	-0.266416697395331	1.12427491177989	-0.177885575249609	HUMAN|HGNC=10790|UniProtKB=Q12872	0	1	0	0	0	0	0	-0.424150144005689	-0.476861365733424	-0.00813938450491	0	0
0	0.567271886717287	-0.869093207432479	-0.547068247698008	-0.693052943447745	-0.177885575249609	HUMAN|HGNC=6107|UniProtKB=P52945	0	0	0	0	0	0	0	0	-0.393149450824572	0.475453298076328	0	0
0	-0.424150144005689	0.041722968571272	-0.341527032917351	-0.488273342992404	-0.177885575249609	HUMAN|HGNC=6586|UniProtKB=Q9Y693	0	1	0	0	0	0	0	-0.424150144005689	0.207101208744367	-0.0142495216606504	0	0
0	-0.424150144005689	-0.869093207432479	-0.547068247698008	0.183189856962354	-0.177885575249609	HUMAN|HGNC=3180|UniProtKB=P24530	0	0	0	0	0	0	0	0	-0.0777000042109639	0.475453298076328	0	0
0	-0.424150144005689	-0.869093207432479	-0.547068247698008	-1.19239529179968	-0.177885575249609	HUMAN|HGNC=16034|UniProtKB=Q86UB2	0	0	0	0	0	0	0	0	0.505754634728539	0.475453298076328	0	0
0	-0.424150144005689	-0.869093207432479	-0.547068247698008	-0.827694074160642	-0.177885575249609	HUMAN|HGNC=272|UniProtKB=Q9UGN5	0	1	0	2	0	0	0	-0.424150144005689	0.351066560747891	0.475453298076328	0	0
0	-0.424150144005689	-0.869093207432479	-0.547068247698008	-0.820631887082332	-0.177885575249609	HUMAN|HGNC=16978|UniProtKB=Q14507	0	0	0	2	0	0	0	0	0.348071133081631	0.475453298076328	0	0
0	1.05207721957256	2.48698464582756	0.952545299007203	-0.565951083203176	-0.177885575249609	HUMAN|HGNC=9535|UniProtKB=P60900	0	0	0	0	0	0	0	0	-0.595424242030478	2.36896553308613	0	0
0	2.34584208933266	0.600935302978305	0.493068733565017	0.02464632880251	-0.177885575249609	HUMAN|HGNC=163|UniProtKB=P12814	1	0	0	0	2.34584208933266	0	0.02464632880251	0	0.0578163954524597	0.296302408794023	0	0.0578163954524597
0	-0.424150144005689	-0.869093207432479	-0.547068247698008	0.093233881031292	-0.177885575249609	HUMAN|HGNC=17427|UniProtKB=Q92784	0	1	0	0	0	0	0	-0.424150144005689	-0.0395451640656317	0.475453298076328	0	0
0	-0.424150144005689	0.634233210042181	1.68391273895641	-1.19239529179968	-0.177885575249609	HUMAN|HGNC=12373|UniProtKB=P16473	0	0	0	2	0	0	0	0	0.505754634728539	1.06799338185925	0	0
0	-0.424150144005689	-0.677466478986154	-0.465963398451146	0.472188130336374	-0.177885575249609	HUMAN|HGNC=18359|UniProtKB=Q8IW75	0	0	0	0	0	0	0	0	-0.20027866347995	0.31567458288512	0	0
0	-0.424150144005689	-0.666372058128835	-0.528982734236545	0.630668609043854	-0.177885575249609	HUMAN|HGNC=20492|UniProtKB=Q96IL0	0	1	0	0	0	0	0	-0.424150144005689	-0.267498181345818	0.352499313327825	0	0
0	-0.424150144005689	0.906360675248976	1.62007138167429	0.65101264599486	-0.177885575249609	HUMAN|HGNC=20093|UniProtKB=Q8N142	0	1	0	0	0	0	0	-0.424150144005689	-0.276127107548244	1.46836899144585	0	0
0	-0.424150144005689	-0.869093207432479	-0.547068247698008	0.665075003195422	-0.177885575249609	HUMAN|HGNC=20511|UniProtKB=Q9BTD3	0	1	0	0	0	0	0	-0.424150144005689	-0.282091658379922	0.475453298076328	0	0
0	-0.424150144005689	-0.869093207432479	-0.547068247698008	-1.19239529179968	-0.177885575249609	HUMAN|HGNC=7114|UniProtKB=Q13064	0	0	0	0	0	0	0	0	0.505754634728539	0.475453298076328	0	0
0	-0.424150144005689	-0.869093207432479	-0.547068247698008	-0.511413398912759	-0.177885575249609	HUMAN|HGNC=9878|UniProtKB=O95267	0	0	0	2	0	0	0	0	0.216916066795285	0.475453298076328	0	0
0	0.693140954290244	1.605032415844	0.483503918034222	-1.19239529179968	-0.177885575249609	HUMAN|HGNC=18810|UniProtKB=Q96P56	0	0	0	2	0	0	0	0	-0.826498010449224	0.776039461632508	0	0
0	-0.424150144005689	1.84933850071467	7.30547997386716	0.116013497896265	-0.177885575249609	HUMAN|HGNC=2590|UniProtKB=P05108	0	0	0	2	0	0	0	0	-0.0492071418393046	13.5103053818726	0	0
0	-0.424150144005689	0.657909217988461	0.0450990046223564	0.238804757641528	-0.177885575249609	HUMAN|HGNC=22995|UniProtKB=Q7Z5M5	0	0	0	2	0	0	0	0	-0.101289072342898	0.0296710508631525	0	0
0	1.00776067415304	0.893000457508206	0.411644671751002	0.58010925275488	-0.177885575249609	HUMAN|HGNC=30922|UniProtKB=Q8NG48	0	1	0	2	0	0	0	1.00776067415304	0.584611291638676	0.367598880204461	0	0
0	-0.424150144005689	-0.869093207432479	-0.547068247698008	-1.14748404223369	-0.177885575249609	HUMAN|Ensembl=ENSG00000259784|UniProtKB=H3BQ15	0	1	0	2	0	0	0	-0.424150144005689	0.486705521757651	0.475453298076328	0	0
0	-0.424150144005689	-0.869093207432479	-0.547068247698008	-1.16618912493195	-0.177885575249609	HUMAN|HGNC=34454|UniProtKB=A6NI56	0	0	0	0	0	0	0	0	0.494639285277755	0.475453298076328	0	0
0	-0.424150144005689	0.968361872449419	0.177773213633418	-0.981923523170274	-0.177885575249609	HUMAN|HGNC=4621|UniProtKB=P15170	0	1	0	2	0	0	0	-0.424150144005689	0.416483003755245	0.172148802025407	0	0
0	-0.424150144005689	0.700594946077294	0.461849258915184	-1.19239529179968	-0.177885575249609	HUMAN|HGNC=30931|UniProtKB=Q68CK6	0	0	0	0	0	0	0	0	0.505754634728539	0.323569256645521	0	0
0	-0.424150144005689	1.29745232337706	3.15952032904806	-0.65665728759531	-0.177885575249609	HUMAN|HGNC=28200|UniProtKB=Q96H86	0	1	0	0	0	0	0	-0.424150144005689	0.278521283095936	4.09932699168044	0	0
0	-0.424150144005689	-0.869093207432479	-0.547068247698008	-0.0198522388556318	-0.177885575249609	HUMAN|HGNC=621|UniProtKB=Q13564	0	1	0	0	0	0	0	-0.424150144005689	0.00842032996945154	0.475453298076328	0	0
0	-0.424150144005689	0.307062451762771	-0.0407839361026264	-0.000343414303839777	-0.177885575249609	HUMAN|HGNC=26014|UniProtKB=Q9NX74	0	0	0	2	0	0	0	0	0.000145659226427255	-0.0125232154122086	0	0
0	-0.424150144005689	1.9623327334747	1.27413136170308	-0.0141783506853926	-0.177885575249609	HUMAN|HGNC=17289|UniProtKB=Q96BJ8	0	0	0	2	0	0	0	0	0.00601374948497243	2.50026967781664	0	0
0	-0.424150144005689	-0.869093207432479	-0.547068247698008	0.245446247018926	-0.177885575249609	HUMAN|HGNC=29834|UniProtKB=Q8WUS8	0	1	0	0	0	0	0	-0.424150144005689	-0.104106061018733	0.475453298076328	0	0
0	-0.424150144005689	2.26274534707839	0.559761730821359	0.248207524751333	-0.177885575249609	HUMAN|HGNC=7214|UniProtKB=Q99547	0	1	0	2	0	0	0	-0.424150144005689	-0.105277257366573	1.26659825188858	0	0
0	2.30898588523582	0.163717101183705	-0.369038739719093	-1.19239529179968	-0.177885575249609	HUMAN|HGNC=12608|UniProtKB=Q14694	1	1	1	1	2.30898588523582	1	-1.19239529179968	2.30898588523582	-2.75322389838711	-0.0604179526912977	2.30898588523582	-2.75322389838711
0	-0.424150144005689	-0.869093207432479	-0.547068247698008	0.349450408518142	-0.177885575249609	HUMAN|HGNC=13450|UniProtKB=Q8N9N5	0	0	0	2	0	0	0	0	-0.148219441095817	0.475453298076328	0	0
0	-0.424150144005689	-0.869093207432479	-0.547068247698008	0.339719468227473	-0.177885575249609	HUMAN|HGNC=16510|UniProtKB=Q5XUX0	0	1	0	0	0	0	0	-0.424150144005689	-0.144092061370219	0.475453298076328	0	0
0	-0.424150144005689	1.90620036271545	3.04230306960103	0.358863186606937	-0.177885575249609	HUMAN|HGNC=19762|UniProtKB=Q8IX07	0	1	0	0	0	0	0	-0.424150144005689	-0.152211872277673	5.79923921476381	0	0
0	-0.424150144005689	-0.869093207432479	-0.547068247698008	0.372265545008353	-0.177885575249609	HUMAN|HGNC=26479|UniProtKB=Q96MU6	0	1	0	0	0	0	0	-0.424150144005689	-0.157896484523649	0.475453298076328	0	0
0	-0.424150144005689	-0.869093207432479	-0.547068247698008	-1.19239529179968	-0.177885575249609	HUMAN|HGNC=8282|UniProtKB=P47881	0	0	0	2	0	0	0	0	0.505754634728539	0.475453298076328	0	0
0	-0.424150144005689	-0.869093207432479	-0.547068247698008	-1.19239529179968	-0.177885575249609	HUMAN|HGNC=8186|UniProtKB=P58170	0	0	0	2	0	0	0	0	0.505754634728539	0.475453298076328	0	0
0	-0.424150144005689	0.0206007260709847	-0.185057379890482	-1.10649698544228	-0.177885575249609	HUMAN|HGNC=32224|UniProtKB=Q0VD86	0	1	0	2	0	0	0	-0.424150144005689	0.469320855717204	-0.00381231639053797	0	0
0	-0.424150144005689	-0.869093207432479	-0.547068247698008	-0.687644167030802	-0.177885575249609	HUMAN|HGNC=4430|UniProtKB=O95249	0	1	0	2	0	0	0	-0.424150144005689	0.291664372470787	0.475453298076328	0	0
0	-0.424150144005689	-0.869093207432479	-0.547068247698008	-0.643923658793443	-0.177885575249609	HUMAN|HGNC=16260|UniProtKB=Q8IXA5	0	0	0	2	0	0	0	0	0.273120312605909	0.475453298076328	0	0
0	-0.424150144005689	-0.869093207432479	-0.547068247698008	-0.478029127906706	-0.177885575249609	HUMAN|HGNC=27258|UniProtKB=Q86VR2	0	1	0	2	0	0	0	-0.424150144005689	0.202756123440543	0.475453298076328	0	0
0	-0.424150144005689	-0.869093207432479	-0.547068247698008	-0.47475218617991	-0.177885575249609	HUMAN|HGNC=24990|UniProtKB=Q9Y2R0	0	1	0	0	0	0	0	-0.424150144005689	0.201366208135224	0.475453298076328	0	0
0	-0.424150144005689	-0.869093207432479	-0.547068247698008	-0.393285739491408	-0.177885575249609	HUMAN|HGNC=7900|UniProtKB=P55786	0	0	0	0	0	0	0	0	0.166812203040665	0.475453298076328	0	0
0	-0.424150144005689	-0.869093207432479	-0.547068247698008	-0.374111674190948	-0.177885575249609	HUMAN|HGNC=5119|UniProtKB=P17481	0	0	0	0	0	0	0	0	0.1586795204823	0.475453298076328	0	0
0	-0.424150144005689	1.17746129172816	-0.100689764306201	-0.102199193424661	-0.177885575249609	HUMAN|HGNC=3449|UniProtKB=O75460	0	1	0	0	0	0	0	-0.424150144005689	0.0433478026083352	-0.118558299943783	0	0
0	-0.424150144005689	-0.190716866043374	-0.488596448135026	-1.19239529179968	-0.177885575249609	HUMAN|HGNC=9557|UniProtKB=O00232	0	1	0	0	0	0	0	-0.424150144005689	0.505754634728539	0.0931835833482359	0	0
0	-0.424150144005689	-0.869093207432479	-0.547068247698008	0.0994612400852431	-0.177885575249609	HUMAN|HGNC=6158|UniProtKB=P16144	0	1	0	0	0	0	0	-0.424150144005689	-0.0421864993051402	0.475453298076328	0	0
0	-0.424150144005689	0.766164898965	1.60444295328392	0.105602640536221	-0.177885575249609	HUMAN|HGNC=29504|UniProtKB=Q401N2	0	1	0	2	0	0	0	-0.424150144005689	-0.0447913751908192	1.22926787319788	0	0
0	-0.424150144005689	1.63996522089471	1.10764599527802	-1.19239529179968	-0.177885575249609	HUMAN|HGNC=27097|UniProtKB=A6NFN3	0	0	0	2	0	0	0	0	0.505754634728539	1.81650090931925	0	0
0	-0.424150144005689	2.53179788294079	2.87051791901143	-1.19239529179968	-0.177885575249609	HUMAN|HGNC=8996|UniProtKB=O60331	0	1	0	2	0	0	0	-0.424150144005689	0.505754634728539	7.26757119029675	0	0
0	-0.424150144005689	1.44880960302499	0.813934014823805	-1.11630139799451	-0.177885575249609	HUMAN|HGNC=25934|UniProtKB=Q8N594	0	1	0	0	0	0	0	-0.424150144005689	0.473479398713125	1.17923541690541	0	0
0	-0.424150144005689	-0.869093207432479	-0.547068247698008	-1.01081943198706	-0.177885575249609	HUMAN|HGNC=14276|UniProtKB=Q9BYD3	0	0	0	2	0	0	0	0	0.42873920764106	0.475453298076328	0	0
0	-0.424150144005689	2.40293465505501	2.94043021142618	-1.00791886802093	-0.177885575249609	HUMAN|HGNC=8780|UniProtKB=P27815	0	1	1	0	0	0	0	-0.424150144005689	0.427508933017127	7.06566165580672	0	0
0	-0.424150144005689	0.48966040852213	-0.19971531806325	-0.490852066032217	-0.177885575249609	HUMAN|HGNC=28292|UniProtKB=Q8N6I1	0	0	0	0	0	0	0	0	0.208194974493055	-0.097792684230978	0	0
0	1.76089728506675	0.287216606959701	-0.14576606264858	-0.461643823433273	-0.177885575249609	HUMAN|HGNC=15654|UniProtKB=Q96SQ9	1	1	0	2	1.76089728506675	1	-0.461643823433273	1.76089728506675	-0.812907355351484	-0.0418664339238004	1.76089728506675	-0.812907355351484
0	-0.424150144005689	-0.417583493961434	-0.509065650514731	-0.355829247577678	-0.177885575249609	HUMAN|HGNC=17868|UniProtKB=Q96PG8	0	0	0	2	0	0	0	0	0.150925026601508	0.212577412997692	0	0
0	-0.424150144005689	-0.869093207432479	-0.547068247698008	-0.332730278292322	-0.177885575249609	HUMAN|HGNC=11459|UniProtKB=O00204	1	0	0	2	-0.424150144005689	0	-0.332730278292322	0	0.141127595452741	0.475453298076328	0	0.141127595452741
0	-0.424150144005689	-0.869093207432479	-0.547068247698008	-0.326633920675042	-0.177885575249609	HUMAN|HGNC=8043|UniProtKB=Q02818	0	1	0	0	0	0	0	-0.424150144005689	0.138541824491462	0.475453298076328	0	0
0	-0.424150144005689	1.5739610020333	4.54408894203185	-0.311472203179903	-0.177885575249609	HUMAN|HGNC=30719|UniProtKB=Q9UJT2	0	0	0	0	0	0	0	0	0.132110979832525	7.15221878452887	0	0
0	-0.424150144005689	1.79899022486581	1.55656106821105	-0.190263973481787	-0.177885575249609	HUMAN|HGNC=34332|UniProtKB=Q9Y2P0	0	0	0	0	0	0	0	0	0.0807004917513943	2.80023814611835	0	0
0	-0.424150144005689	0.69146582184439	-0.0660152943819752	-0.849629196674498	-0.177885575249609	HUMAN|HGNC=8111|UniProtKB=Q8TAX0	0	0	1	0	0	0	0	0	0.360370346120926	-0.0456473197841318	0	0
0	1.7999773500865	-0.869093207432479	-0.547068247698008	-0.751773630971772	-0.177885575249609	HUMAN|HGNC=234|UniProtKB=O60266	1	1	0	0	1.7999773500865	1	-0.751773630971772	1.7999773500865	-1.35317550814148	0.475453298076328	1.7999773500865	-1.35317550814148
0	2.04887814543421	0.25432195145731	-0.0383167154640771	-0.714601818879855	-0.177885575249609	HUMAN|HGNC=26147|UniProtKB=Q8NDL9	1	0	0	2	2.04887814543421	0	-0.714601818879855	0	-1.46413204939047	-0.00974478185025858	0	-1.46413204939047
0	-0.424150144005689	-0.869093207432479	-0.547068247698008	-0.374763158911677	-0.177885575249609	HUMAN|HGNC=42967|UniProtKB=A6NEH6	0	0	0	2	0	0	0	0	0.158955847820415	0.475453298076328	0	0
0	-0.424150144005689	-0.869093207432479	-0.547068247698008	-0.374763158911677	-0.177885575249609	HUMAN|HGNC=42967|UniProtKB=A6NEH6	0	0	0	0	0	0	0	0	0.158955847820415	0.475453298076328	0	0
0	-0.424150144005689	-0.869093207432479	-0.547068247698008	-0.244502736219227	-0.177885575249609	HUMAN|HGNC=40043|UniProtKB=A0A0A6YYF3	0	0	0	0	0	0	0	0	0.10370587077717	0.475453298076328	0	0
0	-0.424150144005689	0.60098795728552	0.749274682564281	-0.0242086827748776	-0.177885575249609	HUMAN|HGNC=7000|UniProtKB=O00470	0	1	0	0	0	0	0	-0.424150144005689	0.0102681162851524	0.450305060920063	0	0
0	-0.424150144005689	-0.869093207432479	-0.547068247698008	-1.19239529179968	-0.177885575249609	HUMAN|HGNC=20869|UniProtKB=O95393	0	0	0	2	0	0	0	0	0.505754634728539	0.475453298076328	0	0
0	-0.424150144005689	-0.869093207432479	-0.547068247698008	0.0114643755026553	-0.177885575249609	HUMAN|HGNC=33857|UniProtKB=Q5FWF7	0	1	0	0	0	0	0	-0.424150144005689	-0.00486261652038653	0.475453298076328	0	0
0	-0.424150144005689	0.874824552121557	2.90619665795503	0.198141063503657	-0.177885575249609	HUMAN|HGNC=9951|UniProtKB=P05451	0	0	0	0	0	0	0	0	-0.0840415606185166	2.54241218967267	0	0
0	-0.424150144005689	-0.869093207432479	-0.547068247698008	0.521140917999156	-0.177885575249609	HUMAN|HGNC=24079|UniProtKB=A6QL64	0	1	0	2	0	0	0	-0.424150144005689	-0.221041995416599	0.475453298076328	0	0
0	-0.424150144005689	1.26725334931171	3.25412217007397	0.543617819215833	-0.177885575249609	HUMAN|HGNC=6074|UniProtKB=Q96PE3	0	1	0	2	0	0	0	-0.424150144005689	-0.230575576304454	4.12379721909573	0	0
0	-0.424150144005689	-0.869093207432479	-0.547068247698008	1.4258051696187	-0.177885575249609	HUMAN|HGNC=24543|UniProtKB=Q52LR7	0	1	0	2	0	0	0	-0.424150144005689	-0.604755468017825	0.475453298076328	0	0
0	-0.424150144005689	1.14130499828819	0.779426980876898	1.90717251968679	-0.177885575249609	HUMAN|HGNC=21610|UniProtKB=Q9C0E8	0	1	0	2	0	0	0	-0.424150144005689	-0.808927498868843	0.889563909075473	0	0
0	2.11311814766066	0.0793804272116644	0.214972271177614	2.14649865777684	0.400413319482065	HUMAN|HGNC=24910|UniProtKB=Q9NWL6	1	1	0	0	2.11311814766066	1	2.14649865777684	2.11311814766066	4.53580526767748	0.0170645907247408	2.11311814766066	4.53580526767748
0	-0.424150144005689	-0.869093207432479	-0.547068247698008	2.39262886763217	-0.177885575249609	HUMAN|HGNC=1653|UniProtKB=P10747	0	0	0	0	0	0	0	0	-1.01483387875835	0.475453298076328	0	0
0	-0.424150144005689	1.00208890738404	1.06764865675998	2.654902462382	-0.177885575249609	HUMAN|HGNC=17209|UniProtKB=Q9NRP7	0	1	0	0	0	0	0	-0.424150144005689	-1.12607726174038	1.06987887592265	0	0
0	0.685238762110956	0.635974318034439	-0.238232112237621	2.67070678834253	-0.177885575249609	HUMAN|HGNC=29092|UniProtKB=O75147	1	1	0	0	0.685238762110956	1	2.67070678834253	0.685238762110956	1.83007181360517	-0.151509505114225	0.685238762110956	1.83007181360517
0	-0.424150144005689	-0.869093207432479	-0.547068247698008	2.85699002515393	-0.177885575249609	HUMAN|HGNC=17133|UniProtKB=Q13342	0	0	0	0	0	0	0	0	-1.21179273059186	0.475453298076328	0	0
0	-0.424150144005689	-0.869093207432479	-0.547068247698008	-1.19239529179968	-0.177885575249609	HUMAN|HGNC=11206|UniProtKB=P23497	0	0	0	2	0	0	0	0	0.505754634728539	0.475453298076328	0	0
0	-0.424150144005689	0.600202580353409	-0.102489887330672	2.93304261326548	-0.177885575249609	HUMAN|HGNC=698|UniProtKB=P56559	0	1	0	0	0	0	0	-0.424150144005689	-1.24405044679137	-0.0615146948359997	0	0
0	-0.424150144005689	-0.869093207432479	-0.547068247698008	-1.19239529179968	-0.177885575249609	HUMAN|HGNC=16233|UniProtKB=Q9H4G1	0	0	0	0	0	0	0	0	0.505754634728539	0.475453298076328	0	0
0	-0.424150144005689	-0.869093207432479	-0.547068247698008	-0.743671108214176	-0.177885575249609	HUMAN|HGNC=16140|UniProtKB=Q8TBE9	0	1	0	0	0	0	0	-0.424150144005689	0.315428207641913	0.475453298076328	0	0
0	0.947997607052199	-0.869093207432479	-0.547068247698008	-0.598885267603692	-0.177885575249609	HUMAN|HGNC=15877|UniProtKB=Q9BV94	0	1	0	0	0	0	0	0.947997607052199	-0.567741800587116	0.475453298076328	0	0
0	2.99827687320005	-0.869093207432479	-0.547068247698008	-0.568847414956748	-0.177885575249609	HUMAN|HGNC=15925|UniProtKB=Q9Y3Z3	1	0	0	0	2.99827687320005	0	-0.568847414956748	0	-1.70556204864445	0.475453298076328	0	-1.70556204864445
0	-0.424150144005689	1.84669960810407	0.702658201891073	-0.404874755452875	-0.177885575249609	HUMAN|HGNC=13251|UniProtKB=Q9UJ99	0	1	0	0	0	0	0	-0.424150144005689	0.171727685829605	1.29759862606336	0	0
0	-0.424150144005689	1.14025204642621	0.100172517988885	-0.499676483332579	-0.177885575249609	HUMAN|HGNC=6261|UniProtKB=Q99712	0	0	0	2	0	0	0	0	0.211937852361769	0.114221918632493	0	0
0	-0.424150144005689	0.717798215433852	-0.111658328951571	-0.394104519281176	-0.177885575249609	HUMAN|HGNC=1273|UniProtKB=P30042	0	1	0	2	0	0	0	-0.424150144005689	0.167159488606403	-0.0801481492597637	0	0
0	-0.424150144005689	-0.869093207432479	-0.547068247698008	-1.19239529179968	-0.177885575249609	HUMAN|HGNC=22968|UniProtKB=P60369	0	0	0	0	0	0	0	0	0.505754634728539	0.475453298076328	0	0
0	3.38245341220845	-0.869093207432479	-0.547068247698008	-0.740213535129481	-0.177885575249609	HUMAN|HGNC=25323|UniProtKB=A4QPB2	1	0	0	0	3.38245341220845	0	-0.740213535129481	0	-2.50373779766159	0.475453298076328	0	-2.50373779766159
0	-0.424150144005689	-0.120012664026675	-0.278256812933936	-1.19239529179968	-0.177885575249609	HUMAN|HGNC=40047|UniProtKB=B5MCN3	0	0	0	0	0	0	0	0	0.505754634728539	0.0333943414037739	0	0
0	-0.424150144005689	-0.869093207432479	-0.547068247698008	-0.641089110333405	-0.177885575249609	HUMAN|HGNC=11126|UniProtKB=P53814	0	0	1	0	0	0	0	0	0.271918038468393	0.475453298076328	0	0
0	-0.424150144005689	-0.869093207432479	-0.547068247698008	-0.635215824491303	-0.177885575249609	HUMAN|HGNC=3029|UniProtKB=Q9Y295	0	1	1	2	0	0	0	-0.424150144005689	0.269426883432678	0.475453298076328	0	0
0	-0.424150144005689	1.17875842107972	0.837337741454943	-0.496372501009577	-0.177885575249609	HUMAN|HGNC=10332|UniProtKB=P39023	0	1	0	2	0	0	0	-0.424150144005689	0.210536467783676	0.987018914027889	0	0
0	-0.424150144005689	-0.246817373644633	-0.414381722953986	-0.469477973092819	-0.177885575249609	HUMAN|HGNC=28052|UniProtKB=Q9NQH7	0	1	0	2	0	0	0	-0.424150144005689	0.199129149894818	0.102276608545841	0	0
0	2.45293432132988	0.554024684908085	-0.329277640852951	-0.304163684682013	-0.177885575249609	HUMAN|HGNC=18127|UniProtKB=Q96RT7	0	1	0	2	0	0	0	2.45293432132988	-0.746093541458669	-0.182427941220834	0	0
0	-0.424150144005689	-0.869093207432479	-0.547068247698008	-0.517789722210323	-0.177885575249609	HUMAN|HGNC=174|UniProtKB=Q13705	0	1	0	2	0	0	0	-0.424150144005689	0.219620585240174	0.475453298076328	0	0
0	-0.424150144005689	-0.36608130925444	-0.435496150932756	-0.370063764409056	-0.177885575249609	HUMAN|HGNC=7584|UniProtKB=P08590	0	0	0	0	0	0	0	0	0.156962598965388	0.159427001108733	0	0
0	-0.424150144005689	-0.869093207432479	-0.547068247698008	-0.376828560423957	-0.177885575249609	HUMAN|HGNC=15572|UniProtKB=Q9BQQ7	0	0	0	2	0	0	0	0	0.159831888169278	0.475453298076328	0	0
0	-0.424150144005689	-0.869093207432479	-0.547068247698008	-0.187758535773512	-0.177885575249609	HUMAN|HGNC=19766|UniProtKB=A6NK59	0	0	0	2	0	0	0	0	0.0796378099866323	0.475453298076328	0	0
0	-0.424150144005689	-0.869093207432479	-0.547068247698008	0.911783922116344	-0.177885575249609	HUMAN|HGNC=26968|UniProtKB=Q96CX6	0	1	0	0	0	0	0	-0.424150144005689	-0.386733281867719	0.475453298076328	0	0
0	-0.424150144005689	-0.869093207432479	-0.547068247698008	-1.19239529179968	-0.177885575249609	HUMAN|HGNC=33870|UniProtKB=Q6F5E7	0	0	0	0	0	0	0	0	0.505754634728539	0.475453298076328	0	0
0	-0.424150144005689	-0.438134420717647	-0.478750283896456	1.07105617068559	-0.177885575249609	HUMAN|HGNC=13556|UniProtKB=Q9HBG6	0	1	0	0	0	0	0	-0.424150144005689	-0.454288629034475	0.209756978303383	0	0
0	-0.424150144005689	-0.869093207432479	-0.547068247698008	-1.19239529179968	-0.177885575249609	HUMAN|HGNC=15678|UniProtKB=P0DPB3	0	0	0	0	0	0	0	0	0.505754634728539	0.475453298076328	0	0
0	-0.424150144005689	-0.869093207432479	-0.547068247698008	2.2541992757872	-0.177885575249609	HUMAN|HGNC=7659|UniProtKB=P52298	0	1	0	0	0	0	0	-0.424150144005689	-0.956118947442662	0.475453298076328	0	0
0	-0.424150144005689	1.54921211342963	1.31796094671124	-1.17131209702616	-0.177885575249609	HUMAN|HGNC=11253|UniProtKB=Q9BUD6	0	0	0	0	0	0	0	0	0.49681219462925	2.04180106367223	0	0
0	-0.424150144005689	-0.869093207432479	-0.547068247698008	-1.11717185225264	-0.177885575249609	HUMAN|HGNC=26021|UniProtKB=Q9NX58	0	1	0	2	0	0	0	-0.424150144005689	0.473848602012059	0.475453298076328	0	0
0	-0.424150144005689	0.0361160153376736	-0.0707038999756422	-1.04180807791127	-0.177885575249609	HUMAN|HGNC=2333|UniProtKB=Q66K79	0	0	0	0	0	0	0	0	0.441883046272356	-0.00255354313595363	0	0
0	-0.424150144005689	1.66457066802155	0.0850894062501252	-0.49175050429901	-0.177885575249609	HUMAN|HGNC=29088|UniProtKB=Q29RF7	0	1	0	2	0	0	0	-0.424150144005689	0.208576047213295	0.141637329803328	0	0
0	-0.424150144005689	0.427026614062096	0.107441608223861	0.26735077726613	-0.177885575249609	HUMAN|HGNC=5036|UniProtKB=Q14103	0	1	0	2	0	0	0	-0.424150144005689	-0.113396870677462	0.0458804261692215	0	0
0	-0.424150144005689	1.85043296270255	0.487192031359888	0.347245723692917	-0.177885575249609	HUMAN|HGNC=7135|UniProtKB=P51825	0	1	0	0	0	0	0	-0.424150144005689	-0.14728432370971	0.901516193994351	0	0
0	-0.424150144005689	0.834842648438251	0.349257749128343	-1.19239529179968	-0.177885575249609	HUMAN|HGNC=27733|UniProtKB=Q6ZVF9	0	1	0	2	0	0	0	-0.424150144005689	0.505754634728539	0.291575264269888	0	0
0	-0.424150144005689	-0.136492154833584	-0.398210675591574	0.398846541622489	-0.177885575249609	HUMAN|HGNC=7178|UniProtKB=Q13201	0	0	0	2	0	0	0	0	-0.16917081806535	0.0543526331892311	0	0
0	-0.424150144005689	-0.869093207432479	-0.547068247698008	-1.19239529179968	-0.177885575249609	HUMAN|HGNC=17890|UniProtKB=O60760	0	0	0	2	0	0	0	0	0.505754634728539	0.475453298076328	0	0
0	-0.424150144005689	-0.061470987225534	-0.396022973092535	1.26494211296086	-0.177885575249609	HUMAN|HGNC=30782|UniProtKB=Q9BXJ9	0	1	0	0	0	0	0	-0.424150144005689	-0.536525379371208	0.0243439231199892	0	0
0	-0.424150144005689	1.84818600797908	0.81460862740234	1.28169139647699	-0.177885575249609	HUMAN|HGNC=20335|UniProtKB=Q9UIL1	0	0	0	0	0	0	0	0	-0.543629590386568	1.50554826714405	0	0
0	-0.424150144005689	0.332720864909566	-0.0116813691328224	1.54370549000293	-0.177885575249609	HUMAN|HGNC=7957|UniProtKB=P49146	0	0	0	0	0	0	0	0	-0.654762905887114	-0.00388663524120058	0	0
0	-0.424150144005689	1.25092749503269	0.0569899367359998	1.59617491917743	-0.177885575249609	HUMAN|HGNC=25633|UniProtKB=Q7Z5S9	0	0	0	0	0	0	0	0	-0.677017821827373	0.0712902788032358	0	0
0	-0.424150144005689	1.01086376527857	-0.00799903654904579	1.6889107928237	-0.177885575249609	HUMAN|HGNC=25638|UniProtKB=Q96EY4	0	1	0	0	0	0	0	-0.424150144005689	-0.716351755988934	-0.00808593620456934	0	0
0	-0.424150144005689	-0.213157629369724	-0.401033989930532	1.73059526508715	-0.177885575249609	HUMAN|HGNC=11843|UniProtKB=O43897	0	1	1	2	0	0	0	-0.424150144005689	-0.734032230902278	0.0854834545902743	0	0
0	-0.424150144005689	-0.869093207432479	-0.547068247698008	-1.18857960606216	-0.177885575249609	HUMAN|HGNC=10680|UniProtKB=P31040	0	1	0	2	0	0	0	-0.424150144005689	0.50413621107349	0.475453298076328	0	0
0	-0.424150144005689	0.604346067968339	0.665119220207355	-0.435487949504197	-0.177885575249609	HUMAN|HGNC=28646|UniProtKB=Q8IY84	0	1	0	0	0	0	0	-0.424150144005689	0.184712276494947	0.401962185462482	0	0
0	-0.424150144005689	1.62512636803079	2.15001781135562	-0.207436782015437	-0.177885575249609	HUMAN|HGNC=28508|UniProtKB=Q8NE22	0	1	0	2	0	0	0	-0.424150144005689	0.0879843409639242	3.49405063696987	0	0
0	-0.424150144005689	-0.869093207432479	-0.547068247698008	0.237171988143844	-0.177885575249609	HUMAN|HGNC=28091|UniProtKB=Q52LC2	0	1	0	2	0	0	0	-0.424150144005689	-0.100596532925327	0.475453298076328	0	0
0	-0.424150144005689	-0.0232915208248655	-0.407065616018307	0.492508008042245	-0.177885575249609	HUMAN|HGNC=18173|UniProtKB=Q9NZ08	0	1	0	0	0	0	0	-0.424150144005689	-0.208897342535073	0.00948117727257709	0	0
0	1.91044736755777	0.387701853687542	0.0932495015017093	-1.19239529179968	-0.177885575249609	HUMAN|HGNC=33869|UniProtKB=Q6ZMN8	0	1	0	0	0	0	0	1.91044736755777	-2.27800844630697	0.036153004587652	0	0
0	-0.424150144005689	-0.869093207432479	-0.547068247698008	1.12102560648875	-0.177885575249609	HUMAN|HGNC=6014|UniProtKB=P05112	0	0	0	2	0	0	0	0	-0.475483172426267	0.475453298076328	0	0
0	-0.424150144005689	-0.178539432207786	-0.429646349988085	1.23785435343431	-0.177885575249609	HUMAN|HGNC=17970|UniProtKB=Q9BPZ3	0	1	0	0	0	0	0	-0.424150144005689	-0.52503610226723	0.0767088153770202	0	0
0	-0.424150144005689	-0.869093207432479	-0.547068247698008	1.22972168236887	-0.177885575249609	HUMAN|HGNC=19409|UniProtKB=O43300	0	0	0	2	0	0	0	0	-0.521586628663675	0.475453298076328	0	0
0	-0.424150144005689	-0.869093207432479	-0.547068247698008	1.26984436012792	-0.177885575249609	HUMAN|HGNC=8689|UniProtKB=Q9Y5E5	0	1	0	2	0	0	0	-0.424150144005689	-0.538604668213067	0.475453298076328	0	0
0	-0.424150144005689	-0.869093207432479	-0.547068247698008	1.37696160750524	-0.177885575249609	HUMAN|HGNC=28317|UniProtKB=Q8WU08	0	1	0	0	0	0	0	-0.424150144005689	-0.584038464113654	0.475453298076328	0	0
0	-0.424150144005689	0.683843595178369	-0.0631606869602543	-1.0040579335346	-0.177885575249609	HUMAN|HGNC=21384|UniProtKB=Q9NUH8	0	1	0	0	0	0	0	-0.424150144005689	0.425871317098756	-0.0431920312448358	0	0
0	0.637675890976378	-0.869093207432479	-0.547068247698008	-1.19239529179968	-0.177885575249609	HUMAN|HGNC=2730|UniProtKB=Q08345	0	0	0	2	0	0	0	0	-0.760361730094399	0.475453298076328	0	0
0	-0.424150144005689	-0.869093207432479	-0.547068247698008	-1.19239529179968	-0.177885575249609	HUMAN|HGNC=4943|UniProtKB=P01906	0	0	0	0	0	0	0	0	0.505754634728539	0.475453298076328	0	0
0	1.63316952256807	-0.869093207432479	-0.547068247698008	-1.19239529179968	-0.177885575249609	HUMAN|HGNC=2681|UniProtKB=Q9UER7	1	0	0	2	1.63316952256807	0	-1.19239529179968	0	-1.9473836494209	0.475453298076328	0	-1.9473836494209
0	-0.424150144005689	0.887710589682661	2.12383105059501	-0.576972340109341	-0.177885575249609	HUMAN|HGNC=11658|UniProtKB=Q8WWU5	0	0	0	2	0	0	0	0	0.244722901144676	1.88534731431004	0	0
0	-0.424150144005689	1.18197222369299	2.11452983689439	-0.50546121253646	-0.177885575249609	HUMAN|HGNC=6280|UniProtKB=O95279	0	1	0	0	0	0	0	-0.424150144005689	0.21439144608663	2.49931553337924	0	0
0	-0.424150144005689	-0.869093207432479	-0.547068247698008	-0.440103210892357	-0.177885575249609	HUMAN|HGNC=4415|UniProtKB=Q14749	0	1	0	0	0	0	0	-0.424150144005689	0.186669840277359	0.475453298076328	0	0
0	-0.424150144005689	-0.869093207432479	-0.547068247698008	-0.429318367891793	-0.177885575249609	HUMAN|HGNC=9181|UniProtKB=Q9Y253	0	1	0	2	0	0	0	-0.424150144005689	0.182095447565591	0.475453298076328	0	0
0	-0.424150144005689	0.669453544483179	-0.364454033326325	-0.370087904669116	-0.177885575249609	HUMAN|HGNC=19030|UniProtKB=Q8IZF2	0	0	0	2	0	0	0	0	0.156972838060169	-0.243985044411499	0	0
0	-0.424150144005689	-0.869093207432479	-0.547068247698008	-1.19239529179968	-0.177885575249609	HUMAN|HGNC=4090|UniProtKB=P24046	0	0	0	2	0	0	0	0	0.505754634728539	0.475453298076328	0	0
0	-0.424150144005689	0.868514869861623	0.193662144275205	0.556542663411943	-0.177885575249609	HUMAN|HGNC=20742|UniProtKB=Q5TGI0	0	1	0	0	0	0	0	-0.424150144005689	-0.236057650831485	0.168198452032303	0	0
0	-0.424150144005689	-0.180842098033282	-0.163346069500924	0.748242895719755	-0.177885575249609	HUMAN|HGNC=2727|UniProtKB=Q99489	0	0	0	2	0	0	0	0	-0.317367331970767	0.0295398459140374	0	0
0	-0.424150144005689	-0.869093207432479	-0.547068247698008	1.00313485458509	-0.177885575249609	HUMAN|HGNC=21487|UniProtKB=Q8TC41	0	0	1	1	0	0	0	0	-0.425479793029393	0.475453298076328	0	0
0	2.65660200460511	-0.869093207432479	-0.547068247698008	1.45707364978802	-0.177885575249609	HUMAN|HGNC=21055|UniProtKB=Q6UB35	1	1	1	1	2.65660200460511	1	1.45707364978802	2.65660200460511	3.87086477888415	0.475453298076328	2.65660200460511	3.87086477888415
0	-0.424150144005689	-0.869093207432479	-0.547068247698008	-1.19239529179968	-0.177885575249609	HUMAN|HGNC=8156|UniProtKB=P35372	0	0	0	0	0	0	0	0	0.505754634728539	0.475453298076328	0	0
0	-0.424150144005689	-0.869093207432479	-0.547068247698008	-1.19239529179968	-0.177885575249609	HUMAN|HGNC=6899|UniProtKB=P04201	0	0	0	0	0	0	0	0	0.505754634728539	0.475453298076328	0	0
0	-0.424150144005689	-0.869093207432479	-0.547068247698008	1.74071827065655	-0.177885575249609	HUMAN|Ensembl=ENSG00000249141|UniProtKB=H0YAE9	0	1	0	0	0	0	0	-0.424150144005689	-0.738325905172307	0.475453298076328	0	0
0	3.592978912911	0.138283042277797	0.0852269879071014	-1.17173923797132	-0.177885575249609	HUMAN|HGNC=22421|UniProtKB=Q9BRJ6	1	1	1	1	3.592978912911	1	-1.17173923797132	3.592978912911	-4.21003437346134	0.011785447171967	3.592978912911	-4.21003437346134
0	2.13359665678333	1.28010638933735	0.0560122745446362	-1.16415353934257	-0.177885575249609	HUMAN|HGNC=22420|UniProtKB=Q9BT73	1	1	0	0	2.13359665678333	1	-1.16415353934257	2.13359665678333	-2.48383409952378	0.0717016705259064	2.13359665678333	-2.48383409952378
0	-0.424150144005689	-0.869093207432479	-0.547068247698008	-0.652803922898703	-0.177885575249609	HUMAN|HGNC=41995|UniProtKB=F8WBC2	0	0	0	0	0	0	0	0	0.276886877904963	0.475453298076328	0	0
0	-0.424150144005689	-0.869093207432479	-0.547068247698008	-0.307069882835885	-0.177885575249609	HUMAN|HGNC=13286|UniProtKB=Q6PIW4	0	0	0	0	0	0	0	0	0.130243735024651	0.475453298076328	0	0
0	-0.424150144005689	-0.869093207432479	-0.547068247698008	0.0976549659368054	-0.177885575249609	HUMAN|HGNC=12749|UniProtKB=Q9GZY6	0	0	0	0	0	0	0	0	-0.0414203678649666	0.475453298076328	0	0
0	-0.424150144005689	1.47041528543658	0.965202156298268	0.0864274755614823	-0.177885575249609	HUMAN|HGNC=1005|UniProtKB=Q9BQE9	0	1	0	0	0	0	0	-0.424150144005689	-0.0366582262054509	1.41924800415732	0	0
0	-0.424150144005689	1.3163961714943	-0.0757100224521738	0.543671882883555	-0.177885575249609	HUMAN|HGNC=848|UniProtKB=P56134	0	1	0	0	0	0	0	-0.424150144005689	-0.230598507416903	-0.0996643836997889	0	0
0	-0.424150144005689	-0.869093207432479	-0.547068247698008	-1.19239529179968	-0.177885575249609	HUMAN|HGNC=33712|UniProtKB=A4D0T2	0	0	0	0	0	0	0	0	0.505754634728539	0.475453298076328	0	0
0	-0.424150144005689	1.31078790492363	2.22672825623273	0.920902473808612	-0.177885575249609	HUMAN|HGNC=14587|UniProtKB=Q9NXR8	0	1	0	0	0	0	0	-0.424150144005689	-0.390600916881118	2.91876846582154	0	0
0	-0.424150144005689	-0.869093207432479	-0.547068247698008	0.921557686907074	-0.177885575249609	HUMAN|HGNC=26159|UniProtKB=A4D0V7	0	0	0	2	0	0	0	0	-0.390878825611185	0.475453298076328	0	0
0	-0.424150144005689	-0.869093207432479	-0.547068247698008	-1.19239529179968	-0.177885575249609	HUMAN|HGNC=11217|UniProtKB=P38567	0	0	1	1	0	0	0	0	0.505754634728539	0.475453298076328	0	0
0	-0.424150144005689	-0.869093207432479	-0.547068247698008	1.28922959355808	-0.177885575249609	HUMAN|HGNC=7043|UniProtKB=O43451	0	0	1	2	0	0	0	0	-0.546826917764053	0.475453298076328	0	0
0	-0.424150144005689	-0.869093207432479	-0.547068247698008	1.43742204983678	-0.177885575249609	HUMAN|HGNC=17922|UniProtKB=Q9BWE0	0	1	0	0	0	0	0	-0.424150144005689	-0.609682769435224	0.475453298076328	0	0
0	-0.424150144005689	-0.869093207432479	-0.547068247698008	-1.08263757605917	-0.177885575249609	HUMAN|HGNC=6954|UniProtKB=Q8NEM0	0	1	0	0	0	0	0	-0.424150144005689	0.459200883791465	0.475453298076328	0	0
0	-0.424150144005689	-0.869093207432479	-0.547068247698008	-1.19239529179968	-0.177885575249609	HUMAN|HGNC=32399|UniProtKB=Q4QY38	0	0	0	0	0	0	0	0	0.505754634728539	0.475453298076328	0	0
0	-0.424150144005689	0.955530560006639	0.220934913745504	-0.877944803139329	-0.177885575249609	HUMAN|HGNC=735|UniProtKB=Q13510	0	1	0	0	0	0	0	-0.424150144005689	0.372380414680592	0.211110061856259	0	0
0	-0.424150144005689	-0.869093207432479	-0.547068247698008	-0.708167418760629	-0.177885575249609	HUMAN|HGNC=25591|UniProtKB=Q86WR0	0	1	0	2	0	0	0	-0.424150144005689	0.300369312647457	0.475453298076328	0	0
0	-0.424150144005689	0.952922896107832	1.23746315243936	-0.466293666875771	-0.177885575249609	HUMAN|HGNC=20880|UniProtKB=Q86UL3	0	0	0	2	0	0	0	0	0.197778525954299	1.17920697104924	0	0
0	-0.424150144005689	-0.869093207432479	-0.547068247698008	-0.322324450518221	-0.177885575249609	HUMAN|HGNC=25678|UniProtKB=Q9HAE3	0	0	0	0	0	0	0	0	0.136713962103858	0.475453298076328	0	0
0	-0.424150144005689	-0.869093207432479	-0.547068247698008	0.0947633921364874	-0.177885575249609	HUMAN|HGNC=6232|UniProtKB=Q92953	0	1	0	0	0	0	0	-0.424150144005689	-0.0401939064211587	0.475453298076328	0	0
0	-0.424150144005689	-0.869093207432479	-0.547068247698008	0.118306475028975	-0.177885575249609	HUMAN|Ensembl=ENSG00000258677|UniProtKB=H3BMM0	0	1	0	0	0	0	0	-0.424150144005689	-0.0501797084203454	0.475453298076328	0	0
0	-0.424150144005689	1.01264391947261	0.106636928952806	0.317036952747339	-0.177885575249609	HUMAN|HGNC=14914|UniProtKB=Q8N1Q1	0	1	0	0	0	0	0	-0.424150144005689	-0.134471269162908	0.107985237695292	0	0
0	-0.424150144005689	1.14907197312916	-0.0176257060180619	0.482375149216067	-0.177885575249609	HUMAN|HGNC=24500|UniProtKB=Q69YN4	0	1	0	0	0	0	0	-0.424150144005689	-0.20459948900476	-0.0202532047919689	0	0
0	-0.424150144005689	1.94157569363786	1.04760050435038	0.54044503256148	-0.177885575249609	HUMAN|HGNC=6908|UniProtKB=O00339	0	1	0	2	0	0	0	-0.424150144005689	-0.229229838388111	2.03399567588946	0	0
0	-0.424150144005689	0.255907189997958	-0.384917281541884	0.560494098900809	-0.177885575249609	HUMAN|HGNC=2183|UniProtKB=Q7Z7G8	0	1	0	2	0	0	0	-0.424150144005689	-0.237733652763117	-0.0985030999010364	0	0
0	-0.424150144005689	1.54362954955038	0.973764013111191	0.583712556777939	-0.177885575249609	HUMAN|HGNC=13432|UniProtKB=Q9NV58	0	0	0	2	0	0	0	0	-0.247581765015292	1.5031309049272	0	0
0	-0.424150144005689	1.012740861628	0.104379741936252	1.19917458560553	-0.177885575249609	HUMAN|HGNC=18117|UniProtKB=O75525	0	1	0	2	0	0	0	-0.424150144005689	-0.508630073172545	0.105709629785028	0	0
0	-0.424150144005689	1.23015267288422	0.736724691921613	-0.920548695104316	-0.177885575249609	HUMAN|HGNC=9527|UniProtKB=O75475	0	1	0	0	0	0	0	-0.424150144005689	0.390450861592744	0.906283848947176	0	0
0	-0.424150144005689	-0.869093207432479	-0.547068247698008	-0.919857933172799	-0.177885575249609	HUMAN|HGNC=29828|UniProtKB=Q6TFL3	0	1	0	2	0	0	0	-0.424150144005689	0.390157874820018	0.475453298076328	0	0
0	-0.424150144005689	0.494063971338115	0.136630500939219	-0.585384500767663	-0.177885575249609	HUMAN|HGNC=8157|UniProtKB=Q99720	0	1	0	0	0	0	0	-0.424150144005689	0.248290920299302	0.0675042078999463	0	0
0	-0.424150144005689	-0.869093207432479	-0.547068247698008	0.20590939919104	-0.177885575249609	HUMAN|HGNC=1908|UniProtKB=Q96RL7	0	1	0	0	0	0	0	-0.424150144005689	-0.0873365013190043	0.475453298076328	0	0
0	-0.424150144005689	-0.869093207432479	-0.547068247698008	0.491899910072038	-0.177885575249609	HUMAN|HGNC=31116|UniProtKB=Q5T035	0	0	0	0	0	0	0	0	-0.20863941769344	0.475453298076328	0	0
0	-0.424150144005689	1.20039439583768	0.20507332876559	0.57208899439567	-0.177885575249609	HUMAN|HGNC=30967|UniProtKB=Q9BU70	0	1	0	0	0	0	0	-0.424150144005689	-0.242651629356993	0.246168874585993	0	0
0	-0.424150144005689	1.04875393413845	0.0717752015296317	0.638964153114965	-0.177885575249609	HUMAN|HGNC=16767|UniProtKB=Q8TCU5	0	0	1	0	0	0	0	0	-0.271016737558185	0.0752745249777816	0	0
0	-0.424150144005689	0.680585650282482	-0.12113624837028	-1.19239529179968	-0.177885575249609	HUMAN|HGNC=12863|UniProtKB=Q9Y6Q3	0	0	0	0	0	0	0	0	0.505754634728539	-0.0824435923698671	0	0
0	-0.424150144005689	-0.869093207432479	-0.547068247698008	0.975271868503851	-0.177885575249609	HUMAN|HGNC=12031|UniProtKB=Q13077	0	1	0	0	0	0	0	-0.424150144005689	-0.413661703470605	0.475453298076328	0	0
0	-0.424150144005689	-0.869093207432479	-0.547068247698008	1.05967121221098	-0.177885575249609	HUMAN|HGNC=8634|UniProtKB=P40426	0	0	0	0	0	0	0	0	-0.44945969725797	0.475453298076328	0	0
0	2.54156010884897	-0.869093207432479	-0.547068247698008	1.10800255831274	-0.177885575249609	HUMAN|HGNC=4315|UniProtKB=Q53GS7	1	1	0	2	2.54156010884897	1	1.10800255831274	2.54156010884897	2.81605510271027	0.475453298076328	2.54156010884897	2.81605510271027
0	-0.424150144005689	-0.869093207432479	-0.547068247698008	1.13135214818548	-0.177885575249609	HUMAN|HGNC=24932|UniProtKB=Q9NZ63	0	1	0	0	0	0	0	-0.424150144005689	-0.479863176574016	0.475453298076328	0	0
0	-0.424150144005689	-0.869093207432479	-0.547068247698008	1.25825863004577	-0.177885575249609	HUMAN|HGNC=13613|UniProtKB=Q969U6	0	1	0	0	0	0	0	-0.424150144005689	-0.533690579130313	0.475453298076328	0	0
0	-0.424150144005689	0.854497697674687	0.783542920486773	1.26366083908525	-0.177885575249609	HUMAN|HGNC=24324|UniProtKB=Q8WX92	0	1	0	2	0	0	0	-0.424150144005689	-0.535981926872357	0.669535621585248	0	0
0	-0.424150144005689	-0.869093207432479	-0.547068247698008	-0.490759561957641	-0.177885575249609	HUMAN|HGNC=20893|UniProtKB=Q6W2J9	0	1	0	0	0	0	0	-0.424150144005689	0.208155738876502	0.475453298076328	0	0
0	-0.424150144005689	-0.869093207432479	-0.547068247698008	-0.490759561957641	-0.177885575249609	HUMAN|HGNC=20893|UniProtKB=Q6W2J9	0	1	0	0	0	0	0	-0.424150144005689	0.208155738876502	0.475453298076328	0	0
0	-0.424150144005689	1.72831188089117	0.517693537867014	1.41213607813811	-0.177885575249609	HUMAN|HGNC=28089|UniProtKB=Q8TE69	0	1	0	0	0	0	0	-0.424150144005689	-0.598957720897907	0.894735892156145	0	0
0	-0.424150144005689	0.923544856084323	0.113159532718418	1.42804833282094	-0.177885575249609	HUMAN|HGNC=2568|UniProtKB=Q13495	0	0	1	0	0	0	0	0	-0.605706906013086	0.104507904359001	0	0
